-- // converted using mech's animoduler
local cfr = CFrame.new

return {
	{
		tm = 0;
		["Torso"] = {
			cf = cfr(0,0,0,1,0,0,0,1,0,0,0,1);
			es = "Cubic";
			ed = "InOut";
		};
		["Head"] = {
			cf = cfr(0,0,0,1,0,0,0,1,0,0,0,1);
			es = "Cubic";
			ed = "InOut";
		};
		["Left Leg"] = {
			cf = cfr(-.459,.525,.058,.942,-.01,.337,-.01,.998,.059,-.337,-.059,.94);
			es = "Cubic";
			ed = "InOut";
		};
		["Right Arm"] = {
			cf = cfr(-.318,-.546,.116,-.494,-.111,-.862,-.06,-.985,.16,-.867,.131,.481);
			es = "Linear";
			ed = "In";
		};
		["Scythe"] = {
			cf = cfr(0,0,0,.944,.012,.331,0,.999,-.035,-.331,.033,.943);
			es = "Linear";
			ed = "In";
		};
		["Left Arm"] = {
			cf = cfr(0,0,0,.921,-.193,.339,.008,.879,.477,-.39,-.436,.811);
			es = "Cubic";
			ed = "InOut";
		};
		["Right Leg"] = {
			cf = cfr(.091,.433,-.028,.81,.49,-.321,-.48,.87,.117,.337,.059,.94);
			es = "Cubic";
			ed = "InOut";
		};
		};
	{
		tm = .017;
		["Torso"] = {
			cf = cfr(0,0,0,1,0,0,0,1,0,0,0,1);
			es = "Linear";
			ed = "In";
		};
		["Head"] = {
			cf = cfr(0,0,0,1,0,0,0,1,0,0,0,1);
			es = "Linear";
			ed = "In";
		};
		["Left Leg"] = {
			cf = cfr(-.459,.525,.058,.942,-.01,.337,-.01,.998,.059,-.337,-.059,.94);
			es = "Linear";
			ed = "In";
		};
		["Left Arm"] = {
			cf = cfr(0,0,0,.921,-.193,.339,.008,.879,.477,-.39,-.436,.811);
			es = "Linear";
			ed = "In";
		};
		["Right Leg"] = {
			cf = cfr(.091,.433,-.028,.81,.49,-.321,-.48,.87,.117,.337,.059,.94);
			es = "Linear";
			ed = "In";
		};
		};
	{
		tm = .033;
		["Torso"] = {
			cf = cfr(0,0,0,1,0,0,0,1,0,0,0,1);
			es = "Linear";
			ed = "In";
		};
		["Head"] = {
			cf = cfr(0,0,0,1,0,0,0,1,0,0,0,1);
			es = "Linear";
			ed = "In";
		};
		["Left Leg"] = {
			cf = cfr(-.459,.525,.058,.942,-.01,.337,-.01,.998,.059,-.337,-.059,.94);
			es = "Linear";
			ed = "In";
		};
		["Left Arm"] = {
			cf = cfr(0,0,0,.921,-.193,.339,.008,.879,.477,-.39,-.436,.811);
			es = "Linear";
			ed = "In";
		};
		["Right Leg"] = {
			cf = cfr(.091,.433,-.028,.81,.49,-.321,-.48,.87,.117,.337,.059,.94);
			es = "Linear";
			ed = "In";
		};
		};
	{
		tm = .05;
		["Torso"] = {
			cf = cfr(0,0,0,1,0,0,0,1,0,0,0,1);
			es = "Linear";
			ed = "In";
		};
		["Head"] = {
			cf = cfr(0,0,0,1,0,0,0,1,0,0,0,1);
			es = "Linear";
			ed = "In";
		};
		["Left Leg"] = {
			cf = cfr(-.459,.525,.058,.942,-.01,.337,-.01,.998,.059,-.337,-.059,.94);
			es = "Linear";
			ed = "In";
		};
		["Left Arm"] = {
			cf = cfr(0,0,0,.921,-.193,.339,.008,.879,.477,-.39,-.436,.811);
			es = "Linear";
			ed = "In";
		};
		["Right Leg"] = {
			cf = cfr(.091,.433,-.028,.81,.49,-.321,-.48,.87,.117,.337,.059,.94);
			es = "Linear";
			ed = "In";
		};
		};
	{
		tm = .067;
		["Torso"] = {
			cf = cfr(0,0,0,1,0,0,0,1,0,0,0,1);
			es = "Linear";
			ed = "In";
		};
		["Head"] = {
			cf = cfr(0,0,0,1,0,0,0,1,0,0,0,1);
			es = "Linear";
			ed = "In";
		};
		["Left Leg"] = {
			cf = cfr(-.459,.525,.058,.942,-.01,.337,-.01,.998,.059,-.337,-.059,.94);
			es = "Linear";
			ed = "In";
		};
		["Left Arm"] = {
			cf = cfr(0,0,0,.921,-.193,.339,.008,.879,.477,-.39,-.436,.811);
			es = "Linear";
			ed = "In";
		};
		["Right Leg"] = {
			cf = cfr(.091,.433,-.028,.81,.49,-.321,-.48,.87,.117,.337,.059,.94);
			es = "Linear";
			ed = "In";
		};
		};
	{
		tm = .083;
		["Torso"] = {
			cf = cfr(0,0,0,1,0,0,0,1,0,0,0,1);
			es = "Linear";
			ed = "In";
		};
		["Head"] = {
			cf = cfr(0,0,0,1,0,0,0,1,0,0,0,1);
			es = "Linear";
			ed = "In";
		};
		["Left Leg"] = {
			cf = cfr(-.459,.525,.058,.942,-.01,.337,-.01,.998,.059,-.337,-.059,.94);
			es = "Linear";
			ed = "In";
		};
		["Left Arm"] = {
			cf = cfr(0,0,0,.921,-.193,.339,.008,.879,.477,-.39,-.436,.811);
			es = "Linear";
			ed = "In";
		};
		["Right Leg"] = {
			cf = cfr(.091,.433,-.028,.81,.49,-.321,-.48,.87,.117,.337,.059,.94);
			es = "Linear";
			ed = "In";
		};
		};
	{
		tm = .1;
		["Torso"] = {
			cf = cfr(0,0,0,1,0,0,0,1,0,0,0,1);
			es = "Linear";
			ed = "In";
		};
		["Head"] = {
			cf = cfr(0,0,0,1,0,0,0,1,0,0,0,1);
			es = "Linear";
			ed = "In";
		};
		["Left Leg"] = {
			cf = cfr(-.459,.525,.058,.942,-.01,.337,-.01,.998,.059,-.337,-.059,.94);
			es = "Linear";
			ed = "In";
		};
		["Left Arm"] = {
			cf = cfr(0,0,0,.921,-.193,.339,.008,.879,.477,-.39,-.436,.811);
			es = "Linear";
			ed = "In";
		};
		["Right Leg"] = {
			cf = cfr(.091,.433,-.028,.81,.49,-.321,-.48,.87,.117,.337,.059,.94);
			es = "Linear";
			ed = "In";
		};
		};
	{
		tm = .117;
		["Torso"] = {
			cf = cfr(0,0,0,1,0,0,0,1,0,0,0,1);
			es = "Linear";
			ed = "In";
		};
		["Head"] = {
			cf = cfr(0,0,0,1,0,0,0,1,0,0,0,1);
			es = "Linear";
			ed = "In";
		};
		["Left Leg"] = {
			cf = cfr(-.459,.525,.058,.942,-.01,.337,-.01,.998,.059,-.337,-.059,.94);
			es = "Linear";
			ed = "In";
		};
		["Left Arm"] = {
			cf = cfr(0,0,0,.921,-.193,.339,.008,.879,.477,-.39,-.436,.811);
			es = "Linear";
			ed = "In";
		};
		["Right Leg"] = {
			cf = cfr(.091,.433,-.028,.81,.49,-.321,-.48,.87,.117,.337,.059,.94);
			es = "Linear";
			ed = "In";
		};
		};
	{
		tm = .133;
		["Torso"] = {
			cf = cfr(0,0,0,1,0,0,0,1,0,0,0,1);
			es = "Linear";
			ed = "In";
		};
		["Head"] = {
			cf = cfr(0,0,0,1,0,0,0,1,0,0,0,1);
			es = "Linear";
			ed = "In";
		};
		["Left Leg"] = {
			cf = cfr(-.459,.525,.058,.942,-.01,.337,-.01,.998,.059,-.337,-.059,.94);
			es = "Linear";
			ed = "In";
		};
		["Left Arm"] = {
			cf = cfr(0,0,0,.921,-.193,.339,.008,.879,.477,-.39,-.436,.811);
			es = "Linear";
			ed = "In";
		};
		["Right Leg"] = {
			cf = cfr(.091,.433,-.028,.81,.49,-.321,-.48,.87,.117,.337,.059,.94);
			es = "Linear";
			ed = "In";
		};
		};
	{
		tm = .15;
		["Torso"] = {
			cf = cfr(0,0,0,1,0,0,0,1,0,0,0,1);
			es = "Linear";
			ed = "In";
		};
		["Head"] = {
			cf = cfr(0,0,0,1,0,0,0,1,0,0,0,1);
			es = "Linear";
			ed = "In";
		};
		["Left Leg"] = {
			cf = cfr(-.459,.525,.058,.942,-.01,.337,-.01,.998,.059,-.337,-.059,.94);
			es = "Linear";
			ed = "In";
		};
		["Left Arm"] = {
			cf = cfr(0,0,0,.921,-.193,.339,.008,.879,.477,-.39,-.436,.811);
			es = "Linear";
			ed = "In";
		};
		["Right Leg"] = {
			cf = cfr(.091,.433,-.028,.81,.49,-.321,-.48,.87,.117,.337,.059,.94);
			es = "Linear";
			ed = "In";
		};
		};
	{
		tm = .167;
		["Torso"] = {
			cf = cfr(0,0,0,1,0,0,0,1,0,0,0,1);
			es = "Linear";
			ed = "In";
		};
		["Head"] = {
			cf = cfr(0,0,0,1,0,0,0,1,0,0,0,1);
			es = "Linear";
			ed = "In";
		};
		["Left Leg"] = {
			cf = cfr(-.459,.525,.058,.942,-.01,.337,-.01,.998,.059,-.337,-.059,.94);
			es = "Linear";
			ed = "In";
		};
		["Left Arm"] = {
			cf = cfr(0,0,0,.921,-.193,.339,.008,.879,.477,-.39,-.436,.811);
			es = "Linear";
			ed = "In";
		};
		["Right Leg"] = {
			cf = cfr(.091,.433,-.028,.81,.49,-.321,-.48,.87,.117,.337,.059,.94);
			es = "Linear";
			ed = "In";
		};
		};
	{
		tm = .183;
		["Torso"] = {
			cf = cfr(0,0,0,1,0,0,0,1,0,0,0,1);
			es = "Linear";
			ed = "In";
		};
		["Head"] = {
			cf = cfr(0,0,0,1,0,0,0,1,0,0,0,1);
			es = "Linear";
			ed = "In";
		};
		["Left Leg"] = {
			cf = cfr(-.459,.525,.058,.942,-.01,.337,-.01,.998,.059,-.337,-.059,.94);
			es = "Linear";
			ed = "In";
		};
		["Left Arm"] = {
			cf = cfr(0,0,0,.921,-.193,.339,.008,.879,.477,-.39,-.436,.811);
			es = "Linear";
			ed = "In";
		};
		["Right Leg"] = {
			cf = cfr(.091,.433,-.028,.81,.49,-.321,-.48,.87,.117,.337,.059,.94);
			es = "Linear";
			ed = "In";
		};
		};
	{
		tm = .2;
		["Torso"] = {
			cf = cfr(0,0,0,1,0,0,0,1,0,0,0,1);
			es = "Linear";
			ed = "In";
		};
		["Head"] = {
			cf = cfr(0,0,0,1,0,0,0,1,0,0,0,1);
			es = "Linear";
			ed = "In";
		};
		["Left Leg"] = {
			cf = cfr(-.459,.525,.058,.942,-.01,.337,-.01,.998,.059,-.337,-.059,.94);
			es = "Linear";
			ed = "In";
		};
		["Left Arm"] = {
			cf = cfr(0,0,0,.921,-.193,.339,.008,.879,.477,-.39,-.436,.811);
			es = "Linear";
			ed = "In";
		};
		["Right Leg"] = {
			cf = cfr(.091,.433,-.028,.81,.49,-.321,-.48,.87,.117,.337,.059,.94);
			es = "Linear";
			ed = "In";
		};
		};
	{
		tm = .217;
		["Torso"] = {
			cf = cfr(0,0,0,1,0,0,0,1,0,0,0,1);
			es = "Linear";
			ed = "In";
		};
		["Head"] = {
			cf = cfr(0,0,0,1,0,0,0,1,0,0,0,1);
			es = "Linear";
			ed = "In";
		};
		["Left Leg"] = {
			cf = cfr(-.459,.525,.058,.942,-.01,.337,-.01,.998,.059,-.337,-.059,.94);
			es = "Linear";
			ed = "In";
		};
		["Left Arm"] = {
			cf = cfr(0,0,0,.921,-.193,.339,.008,.879,.477,-.39,-.436,.811);
			es = "Linear";
			ed = "In";
		};
		["Right Leg"] = {
			cf = cfr(.091,.433,-.028,.81,.49,-.321,-.48,.87,.117,.337,.059,.94);
			es = "Linear";
			ed = "In";
		};
		};
	{
		tm = .233;
		["Torso"] = {
			cf = cfr(0,0,0,1,0,0,0,1,0,0,0,1);
			es = "Linear";
			ed = "In";
		};
		["Head"] = {
			cf = cfr(0,0,0,1,0,0,0,1,0,0,0,1);
			es = "Linear";
			ed = "In";
		};
		["Left Leg"] = {
			cf = cfr(-.459,.525,.058,.942,-.01,.337,-.01,.998,.059,-.337,-.059,.94);
			es = "Linear";
			ed = "In";
		};
		["Left Arm"] = {
			cf = cfr(0,0,0,.921,-.193,.339,.008,.879,.477,-.39,-.436,.811);
			es = "Linear";
			ed = "In";
		};
		["Right Leg"] = {
			cf = cfr(.091,.433,-.028,.81,.49,-.321,-.48,.87,.117,.337,.059,.94);
			es = "Linear";
			ed = "In";
		};
		};
	{
		tm = .25;
		["Torso"] = {
			cf = cfr(0,0,0,1,0,0,0,1,0,0,0,1);
			es = "Linear";
			ed = "In";
		};
		["Head"] = {
			cf = cfr(0,0,0,1,0,0,0,1,0,0,0,1);
			es = "Linear";
			ed = "In";
		};
		["Left Leg"] = {
			cf = cfr(-.459,.525,.058,.942,-.01,.337,-.01,.998,.059,-.337,-.059,.94);
			es = "Linear";
			ed = "In";
		};
		["Left Arm"] = {
			cf = cfr(0,0,0,.921,-.193,.339,.008,.879,.477,-.39,-.436,.811);
			es = "Linear";
			ed = "In";
		};
		["Right Leg"] = {
			cf = cfr(.091,.433,-.028,.81,.49,-.321,-.48,.87,.117,.337,.059,.94);
			es = "Linear";
			ed = "In";
		};
		};
	{
		tm = .267;
		["Torso"] = {
			cf = cfr(0,0,0,1,0,0,0,1,0,0,0,1);
			es = "Linear";
			ed = "In";
		};
		["Head"] = {
			cf = cfr(0,0,0,1,0,0,0,1,0,0,0,1);
			es = "Linear";
			ed = "In";
		};
		["Left Leg"] = {
			cf = cfr(-.459,.525,.058,.942,-.01,.337,-.01,.998,.059,-.337,-.059,.94);
			es = "Linear";
			ed = "In";
		};
		["Left Arm"] = {
			cf = cfr(0,0,0,.921,-.193,.339,.008,.879,.477,-.39,-.436,.811);
			es = "Linear";
			ed = "In";
		};
		["Right Leg"] = {
			cf = cfr(.091,.433,-.028,.81,.49,-.321,-.48,.87,.117,.337,.059,.94);
			es = "Linear";
			ed = "In";
		};
		};
	{
		tm = .283;
		["Torso"] = {
			cf = cfr(0,0,0,1,0,0,0,1,0,0,0,1);
			es = "Linear";
			ed = "In";
		};
		["Head"] = {
			cf = cfr(0,0,0,1,0,0,0,1,0,0,0,1);
			es = "Linear";
			ed = "In";
		};
		["Left Leg"] = {
			cf = cfr(-.459,.525,.058,.942,-.01,.337,-.01,.998,.059,-.337,-.059,.94);
			es = "Linear";
			ed = "In";
		};
		["Left Arm"] = {
			cf = cfr(0,0,0,.921,-.193,.339,.008,.879,.477,-.39,-.436,.811);
			es = "Linear";
			ed = "In";
		};
		["Right Leg"] = {
			cf = cfr(.091,.433,-.028,.81,.49,-.321,-.48,.87,.117,.337,.059,.94);
			es = "Linear";
			ed = "In";
		};
		};
	{
		tm = .3;
		["Torso"] = {
			cf = cfr(0,0,0,1,0,0,0,1,0,0,0,1);
			es = "Linear";
			ed = "In";
		};
		["Head"] = {
			cf = cfr(0,0,0,1,0,0,0,1,0,0,0,1);
			es = "Linear";
			ed = "In";
		};
		["Left Leg"] = {
			cf = cfr(-.459,.525,.058,.942,-.01,.337,-.01,.998,.059,-.337,-.059,.94);
			es = "Linear";
			ed = "In";
		};
		["Left Arm"] = {
			cf = cfr(0,0,0,.921,-.193,.339,.008,.879,.477,-.39,-.436,.811);
			es = "Linear";
			ed = "In";
		};
		["Right Leg"] = {
			cf = cfr(.091,.433,-.028,.81,.49,-.321,-.48,.87,.117,.337,.059,.94);
			es = "Linear";
			ed = "In";
		};
		};
	{
		tm = .317;
		["Torso"] = {
			cf = cfr(0,0,0,1,0,0,0,1,0,0,0,1);
			es = "Linear";
			ed = "In";
		};
		["Head"] = {
			cf = cfr(0,0,0,1,0,0,0,1,0,0,0,1);
			es = "Linear";
			ed = "In";
		};
		["Left Leg"] = {
			cf = cfr(-.459,.525,.058,.942,-.01,.337,-.01,.998,.059,-.337,-.059,.94);
			es = "Linear";
			ed = "In";
		};
		["Left Arm"] = {
			cf = cfr(0,0,0,.921,-.193,.339,.008,.879,.477,-.39,-.436,.811);
			es = "Linear";
			ed = "In";
		};
		["Right Leg"] = {
			cf = cfr(.091,.433,-.028,.81,.49,-.321,-.48,.87,.117,.337,.059,.94);
			es = "Linear";
			ed = "In";
		};
		};
	{
		tm = .333;
		["Torso"] = {
			cf = cfr(0,0,0,1,0,0,0,1,0,0,0,1);
			es = "Linear";
			ed = "In";
		};
		["Head"] = {
			cf = cfr(0,0,0,1,0,0,0,1,0,0,0,1);
			es = "Linear";
			ed = "In";
		};
		["Left Leg"] = {
			cf = cfr(-.459,.525,.058,.942,-.01,.337,-.01,.998,.059,-.337,-.059,.94);
			es = "Linear";
			ed = "In";
		};
		["Left Arm"] = {
			cf = cfr(0,0,0,.921,-.193,.339,.008,.879,.477,-.39,-.436,.811);
			es = "Linear";
			ed = "In";
		};
		["Right Leg"] = {
			cf = cfr(.091,.433,-.028,.81,.49,-.321,-.48,.87,.117,.337,.059,.94);
			es = "Linear";
			ed = "In";
		};
		};
	{
		tm = .35;
		["Torso"] = {
			cf = cfr(0,0,0,1,0,0,0,1,0,0,0,1);
			es = "Linear";
			ed = "In";
		};
		["Head"] = {
			cf = cfr(0,0,0,1,0,0,0,1,0,0,0,1);
			es = "Linear";
			ed = "In";
		};
		["Left Leg"] = {
			cf = cfr(-.459,.525,.058,.942,-.01,.337,-.01,.998,.059,-.337,-.059,.94);
			es = "Linear";
			ed = "In";
		};
		["Left Arm"] = {
			cf = cfr(0,0,0,.921,-.193,.339,.008,.879,.477,-.39,-.436,.811);
			es = "Linear";
			ed = "In";
		};
		["Right Leg"] = {
			cf = cfr(.091,.433,-.028,.81,.49,-.321,-.48,.87,.117,.337,.059,.94);
			es = "Linear";
			ed = "In";
		};
		};
	{
		tm = .367;
		["Torso"] = {
			cf = cfr(0,0,0,1,0,0,0,1,0,0,0,1);
			es = "Linear";
			ed = "In";
		};
		["Head"] = {
			cf = cfr(0,0,0,1,0,0,0,1,0,0,0,1);
			es = "Linear";
			ed = "In";
		};
		["Left Leg"] = {
			cf = cfr(-.459,.525,.058,.942,-.01,.337,-.01,.998,.059,-.337,-.059,.94);
			es = "Linear";
			ed = "In";
		};
		["Left Arm"] = {
			cf = cfr(0,0,0,.921,-.193,.339,.008,.879,.477,-.39,-.436,.811);
			es = "Linear";
			ed = "In";
		};
		["Right Leg"] = {
			cf = cfr(.091,.433,-.028,.81,.49,-.321,-.48,.87,.117,.337,.059,.94);
			es = "Linear";
			ed = "In";
		};
		};
	{
		tm = .383;
		["Torso"] = {
			cf = cfr(0,0,0,1,0,0,0,1,0,0,0,1);
			es = "Linear";
			ed = "In";
		};
		["Head"] = {
			cf = cfr(0,0,0,1,0,0,0,1,0,0,0,1);
			es = "Linear";
			ed = "In";
		};
		["Left Leg"] = {
			cf = cfr(-.459,.525,.058,.942,-.01,.337,-.01,.998,.059,-.337,-.059,.94);
			es = "Linear";
			ed = "In";
		};
		["Left Arm"] = {
			cf = cfr(0,0,0,.921,-.193,.339,.008,.879,.477,-.39,-.436,.811);
			es = "Linear";
			ed = "In";
		};
		["Right Leg"] = {
			cf = cfr(.091,.433,-.028,.81,.49,-.321,-.48,.87,.117,.337,.059,.94);
			es = "Linear";
			ed = "In";
		};
		};
	{
		tm = .4;
		["Torso"] = {
			cf = cfr(0,0,0,1,0,0,0,1,0,0,0,1);
			es = "Linear";
			ed = "In";
		};
		["Head"] = {
			cf = cfr(0,0,0,1,0,0,0,1,0,0,0,1);
			es = "Linear";
			ed = "In";
		};
		["Left Leg"] = {
			cf = cfr(-.459,.525,.058,.942,-.01,.337,-.01,.998,.059,-.337,-.059,.94);
			es = "Linear";
			ed = "In";
		};
		["Left Arm"] = {
			cf = cfr(0,0,0,.921,-.193,.339,.008,.879,.477,-.39,-.436,.811);
			es = "Linear";
			ed = "In";
		};
		["Right Leg"] = {
			cf = cfr(.091,.433,-.028,.81,.49,-.321,-.48,.87,.117,.337,.059,.94);
			es = "Linear";
			ed = "In";
		};
		};
	{
		tm = .417;
		["Torso"] = {
			cf = cfr(0,0,0,1,0,0,0,1,0,0,0,1);
			es = "Linear";
			ed = "In";
		};
		["Head"] = {
			cf = cfr(0,0,0,1,0,0,0,1,0,0,0,1);
			es = "Linear";
			ed = "In";
		};
		["Left Leg"] = {
			cf = cfr(-.459,.525,.058,.942,-.01,.337,-.01,.998,.059,-.337,-.059,.94);
			es = "Linear";
			ed = "In";
		};
		["Left Arm"] = {
			cf = cfr(0,0,0,.921,-.193,.339,.008,.879,.477,-.39,-.436,.811);
			es = "Linear";
			ed = "In";
		};
		["Right Leg"] = {
			cf = cfr(.091,.433,-.028,.81,.49,-.321,-.48,.87,.117,.337,.059,.94);
			es = "Linear";
			ed = "In";
		};
		};
	{
		tm = .433;
		["Torso"] = {
			cf = cfr(0,0,0,1,0,0,0,1,0,0,0,1);
			es = "Linear";
			ed = "In";
		};
		["Head"] = {
			cf = cfr(0,0,0,1,0,0,0,1,0,0,0,1);
			es = "Linear";
			ed = "In";
		};
		["Left Leg"] = {
			cf = cfr(-.459,.525,.058,.942,-.01,.337,-.01,.998,.059,-.337,-.059,.94);
			es = "Linear";
			ed = "In";
		};
		["Left Arm"] = {
			cf = cfr(0,0,0,.921,-.193,.339,.008,.879,.477,-.39,-.436,.811);
			es = "Linear";
			ed = "In";
		};
		["Right Leg"] = {
			cf = cfr(.091,.433,-.028,.81,.49,-.321,-.48,.87,.117,.337,.059,.94);
			es = "Linear";
			ed = "In";
		};
		};
	{
		tm = .45;
		["Torso"] = {
			cf = cfr(0,0,0,1,0,0,0,1,0,0,0,1);
			es = "Linear";
			ed = "In";
		};
		["Head"] = {
			cf = cfr(0,0,0,1,0,0,0,1,0,0,0,1);
			es = "Linear";
			ed = "In";
		};
		["Left Leg"] = {
			cf = cfr(-.459,.525,.058,.942,-.01,.337,-.01,.998,.059,-.337,-.059,.94);
			es = "Linear";
			ed = "In";
		};
		["Left Arm"] = {
			cf = cfr(0,0,0,.921,-.193,.339,.008,.879,.477,-.39,-.436,.811);
			es = "Linear";
			ed = "In";
		};
		["Right Leg"] = {
			cf = cfr(.091,.433,-.028,.81,.49,-.321,-.48,.87,.117,.337,.059,.94);
			es = "Linear";
			ed = "In";
		};
		};
	{
		tm = .467;
		["Torso"] = {
			cf = cfr(0,0,0,1,0,0,0,1,0,0,0,1);
			es = "Linear";
			ed = "In";
		};
		["Head"] = {
			cf = cfr(0,0,0,1,0,0,0,1,0,0,0,1);
			es = "Linear";
			ed = "In";
		};
		["Left Leg"] = {
			cf = cfr(-.459,.525,.058,.942,-.01,.337,-.01,.998,.059,-.337,-.059,.94);
			es = "Linear";
			ed = "In";
		};
		["Left Arm"] = {
			cf = cfr(0,0,0,.921,-.193,.339,.008,.879,.477,-.39,-.436,.811);
			es = "Linear";
			ed = "In";
		};
		["Right Leg"] = {
			cf = cfr(.091,.433,-.028,.81,.49,-.321,-.48,.87,.117,.337,.059,.94);
			es = "Linear";
			ed = "In";
		};
		};
	{
		tm = .483;
		["Torso"] = {
			cf = cfr(0,0,0,1,0,0,0,1,0,0,0,1);
			es = "Linear";
			ed = "In";
		};
		["Head"] = {
			cf = cfr(0,0,0,1,0,0,0,1,0,0,0,1);
			es = "Linear";
			ed = "In";
		};
		["Left Leg"] = {
			cf = cfr(-.459,.525,.058,.942,-.01,.337,-.01,.998,.059,-.337,-.059,.94);
			es = "Linear";
			ed = "In";
		};
		["Left Arm"] = {
			cf = cfr(0,0,0,.921,-.193,.339,.008,.879,.477,-.39,-.436,.811);
			es = "Linear";
			ed = "In";
		};
		["Right Leg"] = {
			cf = cfr(.091,.433,-.028,.81,.49,-.321,-.48,.87,.117,.337,.059,.94);
			es = "Linear";
			ed = "In";
		};
		};
	{
		tm = .5;
		["Torso"] = {
			cf = cfr(0,0,0,1,0,0,0,1,0,0,0,1);
			es = "Linear";
			ed = "In";
		};
		["Head"] = {
			cf = cfr(0,0,0,1,0,0,0,1,0,0,0,1);
			es = "Linear";
			ed = "In";
		};
		["Left Leg"] = {
			cf = cfr(-.459,.525,.058,.942,-.01,.337,-.01,.998,.059,-.337,-.059,.94);
			es = "Linear";
			ed = "In";
		};
		["Left Arm"] = {
			cf = cfr(0,0,0,.921,-.193,.339,.008,.879,.477,-.39,-.436,.811);
			es = "Linear";
			ed = "In";
		};
		["Right Leg"] = {
			cf = cfr(.091,.433,-.028,.81,.49,-.321,-.48,.87,.117,.337,.059,.94);
			es = "Linear";
			ed = "In";
		};
		};
	{
		tm = .517;
		["Torso"] = {
			cf = cfr(0,0,0,1,0,0,0,1,0,0,0,1);
			es = "Linear";
			ed = "In";
		};
		["Head"] = {
			cf = cfr(0,0,0,1,0,0,0,1,0,0,0,1);
			es = "Linear";
			ed = "In";
		};
		["Left Leg"] = {
			cf = cfr(-.459,.525,.058,.942,-.01,.337,-.01,.998,.059,-.337,-.059,.94);
			es = "Linear";
			ed = "In";
		};
		["Left Arm"] = {
			cf = cfr(0,0,0,.921,-.193,.339,.008,.879,.477,-.39,-.436,.811);
			es = "Linear";
			ed = "In";
		};
		["Right Leg"] = {
			cf = cfr(.091,.433,-.028,.81,.49,-.321,-.48,.87,.117,.337,.059,.94);
			es = "Linear";
			ed = "In";
		};
		};
	{
		tm = .533;
		["Torso"] = {
			cf = cfr(0,0,0,1,0,0,0,1,0,0,0,1);
			es = "Linear";
			ed = "In";
		};
		["Head"] = {
			cf = cfr(0,0,0,1,0,0,0,1,0,0,0,1);
			es = "Linear";
			ed = "In";
		};
		["Left Leg"] = {
			cf = cfr(-.459,.525,.058,.942,-.01,.337,-.01,.998,.059,-.337,-.059,.94);
			es = "Linear";
			ed = "In";
		};
		["Left Arm"] = {
			cf = cfr(0,0,0,.921,-.193,.339,.008,.879,.477,-.39,-.436,.811);
			es = "Linear";
			ed = "In";
		};
		["Right Leg"] = {
			cf = cfr(.091,.433,-.028,.81,.49,-.321,-.48,.87,.117,.337,.059,.94);
			es = "Linear";
			ed = "In";
		};
		};
	{
		tm = .55;
		["Torso"] = {
			cf = cfr(0,0,0,1,0,0,0,1,0,0,0,1);
			es = "Linear";
			ed = "In";
		};
		["Head"] = {
			cf = cfr(0,0,0,1,0,0,0,1,0,0,0,1);
			es = "Linear";
			ed = "In";
		};
		["Left Leg"] = {
			cf = cfr(-.459,.525,.058,.942,-.01,.337,-.01,.998,.059,-.337,-.059,.94);
			es = "Linear";
			ed = "In";
		};
		["Left Arm"] = {
			cf = cfr(0,0,0,.921,-.193,.339,.008,.879,.477,-.39,-.436,.811);
			es = "Linear";
			ed = "In";
		};
		["Right Leg"] = {
			cf = cfr(.091,.433,-.028,.81,.49,-.321,-.48,.87,.117,.337,.059,.94);
			es = "Linear";
			ed = "In";
		};
		};
	{
		tm = .567;
		["Torso"] = {
			cf = cfr(0,0,0,1,0,0,0,1,0,0,0,1);
			es = "Linear";
			ed = "In";
		};
		["Head"] = {
			cf = cfr(0,0,0,1,0,0,0,1,0,0,0,1);
			es = "Linear";
			ed = "In";
		};
		["Left Leg"] = {
			cf = cfr(-.459,.525,.058,.942,-.01,.337,-.01,.998,.059,-.337,-.059,.94);
			es = "Linear";
			ed = "In";
		};
		["Left Arm"] = {
			cf = cfr(0,0,0,.921,-.193,.339,.008,.879,.477,-.39,-.436,.811);
			es = "Linear";
			ed = "In";
		};
		["Right Leg"] = {
			cf = cfr(.091,.433,-.028,.81,.49,-.321,-.48,.87,.117,.337,.059,.94);
			es = "Linear";
			ed = "In";
		};
		};
	{
		tm = .583;
		["Torso"] = {
			cf = cfr(0,0,0,1,0,0,0,1,0,0,0,1);
			es = "Linear";
			ed = "In";
		};
		["Head"] = {
			cf = cfr(0,0,0,1,0,0,0,1,0,0,0,1);
			es = "Linear";
			ed = "In";
		};
		["Left Leg"] = {
			cf = cfr(-.459,.525,.058,.942,-.01,.337,-.01,.998,.059,-.337,-.059,.94);
			es = "Linear";
			ed = "In";
		};
		["Right Arm"] = {
			cf = cfr(-.318,-.546,.116,-.494,-.111,-.862,-.06,-.985,.16,-.867,.131,.481);
			es = "Linear";
			ed = "In";
		};
		["Scythe"] = {
			cf = cfr(0,0,0,.944,.012,.331,0,.999,-.035,-.331,.033,.943);
			es = "Linear";
			ed = "In";
		};
		["Left Arm"] = {
			cf = cfr(0,0,0,.921,-.193,.339,.008,.879,.477,-.39,-.436,.811);
			es = "Linear";
			ed = "In";
		};
		["Right Leg"] = {
			cf = cfr(.091,.433,-.028,.81,.49,-.321,-.48,.87,.117,.337,.059,.94);
			es = "Linear";
			ed = "In";
		};
		};
	{
		tm = .6;
		["Torso"] = {
			cf = cfr(0,0,0,1,0,0,0,1,0,0,0,1);
			es = "Cubic";
			ed = "InOut";
		};
		["Head"] = {
			cf = cfr(0,0,0,1,0,0,0,1,0,0,0,1);
			es = "Cubic";
			ed = "InOut";
		};
		["Left Leg"] = {
			cf = cfr(-.459,.525,.058,.942,-.01,.337,-.01,.998,.059,-.337,-.059,.94);
			es = "Cubic";
			ed = "InOut";
		};
		["Left Arm"] = {
			cf = cfr(0,0,0,.921,-.193,.339,.008,.879,.477,-.39,-.436,.811);
			es = "Cubic";
			ed = "InOut";
		};
		["Right Leg"] = {
			cf = cfr(.091,.433,-.028,.81,.49,-.321,-.48,.87,.117,.337,.059,.94);
			es = "Cubic";
			ed = "InOut";
		};
		};
}