-- // converted using mech's animoduler
local cfr = CFrame.new

return {
	{
		tm = 0;
		["Torso"] = {
			cf = cfr(0,0,-.25,.94,.341,-.03,-.342,.936,-.082,0,.087,.996);
			es = "Sine";
			ed = "InOut";
		};
		["Head"] = {
			cf = cfr(.021,-.045,-.009,.899,-.412,.149,.433,.887,-.16,-.067,.208,.976);
			es = "Sine";
			ed = "Out";
		};
		["Left Leg"] = {
			cf = cfr(-.122,.253,.076,.756,.07,.65,-.13,.99,.044,-.641,-.118,.758);
			es = "Sine";
			ed = "InOut";
		};
		["Right Arm"] = {
			cf = cfr(.113,-.731,.415,-.249,-.182,-.951,.078,-.983,.168,-.965,-.032,.259);
			es = "Sine";
			ed = "Out";
		};
		["Scythe"] = {
			cf = cfr(0,0,0,.996,.003,.087,0,.999,-.035,-.087,.034,.996);
			es = "Sine";
			ed = "Out";
		};
		["Left Arm"] = {
			cf = cfr(-.068,-.259,.022,.977,.149,-.155,-.138,.987,.077,.164,-.054,.985);
			es = "Sine";
			ed = "Out";
		};
		["Right Leg"] = {
			cf = cfr(.171,.182,.012,.959,.218,-.182,-.165,.95,.264,.231,-.223,.947);
			es = "Sine";
			ed = "InOut";
		};
		};
	{
		tm = .017;
		["Torso"] = {
			cf = cfr(0,0,-.25,.94,.341,-.03,-.342,.936,-.082,0,.087,.996);
			es = "Linear";
			ed = "In";
		};
		["Head"] = {
			cf = cfr(.021,-.045,-.009,.901,-.408,.149,.428,.891,-.152,-.071,.2,.977);
			es = "Linear";
			ed = "In";
		};
		["Left Leg"] = {
			cf = cfr(-.123,.254,.076,.756,.07,.65,-.13,.99,.044,-.641,-.118,.758);
			es = "Linear";
			ed = "In";
		};
		["Right Arm"] = {
			cf = cfr(.115,-.731,.415,-.251,-.18,-.951,.074,-.983,.167,-.965,-.029,.261);
			es = "Linear";
			ed = "In";
		};
		["Scythe"] = {
			cf = cfr(0,0,-.003,.996,.005,.09,-.002,.999,-.032,-.09,.031,.995);
			es = "Linear";
			ed = "In";
		};
		["Left Arm"] = {
			cf = cfr(-.068,-.257,.022,.977,.144,-.155,-.133,.988,.077,.164,-.055,.985);
			es = "Linear";
			ed = "In";
		};
		["Right Leg"] = {
			cf = cfr(.171,.182,.012,.959,.218,-.182,-.165,.95,.264,.231,-.223,.947);
			es = "Linear";
			ed = "In";
		};
		};
	{
		tm = .033;
		["Torso"] = {
			cf = cfr(0,-.001,-.25,.94,.341,-.03,-.342,.936,-.082,0,.088,.996);
			es = "Linear";
			ed = "In";
		};
		["Head"] = {
			cf = cfr(.02,-.045,-.008,.902,-.404,.15,.424,.894,-.144,-.075,.194,.978);
			es = "Linear";
			ed = "In";
		};
		["Left Leg"] = {
			cf = cfr(-.123,.254,.076,.756,.07,.651,-.13,.991,.044,-.641,-.118,.758);
			es = "Linear";
			ed = "In";
		};
		["Right Arm"] = {
			cf = cfr(.116,-.731,.414,-.254,-.178,-.951,.071,-.984,.166,-.965,-.026,.262);
			es = "Linear";
			ed = "In";
		};
		["Scythe"] = {
			cf = cfr(-.001,0,-.007,.996,.008,.092,-.005,1,-.029,-.092,.028,.995);
			es = "Linear";
			ed = "In";
		};
		["Left Arm"] = {
			cf = cfr(-.068,-.255,.021,.978,.139,-.155,-.128,.989,.078,.164,-.056,.985);
			es = "Linear";
			ed = "In";
		};
		["Right Leg"] = {
			cf = cfr(.171,.182,.012,.959,.217,-.182,-.165,.95,.264,.231,-.223,.947);
			es = "Linear";
			ed = "In";
		};
		};
	{
		tm = .05;
		["Torso"] = {
			cf = cfr(-.001,-.002,-.25,.94,.341,-.03,-.343,.936,-.083,0,.088,.996);
			es = "Linear";
			ed = "In";
		};
		["Head"] = {
			cf = cfr(.02,-.045,-.008,.904,-.401,.15,.421,.896,-.138,-.079,.188,.979);
			es = "Linear";
			ed = "In";
		};
		["Left Leg"] = {
			cf = cfr(-.123,.255,.077,.756,.07,.651,-.13,.991,.044,-.642,-.118,.758);
			es = "Linear";
			ed = "In";
		};
		["Right Arm"] = {
			cf = cfr(.117,-.731,.413,-.256,-.177,-.95,.069,-.984,.165,-.964,-.023,.264);
			es = "Linear";
			ed = "In";
		};
		["Scythe"] = {
			cf = cfr(-.001,0,-.01,.995,.01,.094,-.007,1,-.026,-.095,.026,.995);
			es = "Linear";
			ed = "In";
		};
		["Left Arm"] = {
			cf = cfr(-.068,-.253,.02,.979,.134,-.155,-.123,.989,.078,.164,-.057,.985);
			es = "Linear";
			ed = "In";
		};
		["Right Leg"] = {
			cf = cfr(.171,.182,.013,.959,.217,-.182,-.165,.95,.264,.23,-.223,.947);
			es = "Linear";
			ed = "In";
		};
		};
	{
		tm = .067;
		["Torso"] = {
			cf = cfr(-.002,-.004,-.25,.939,.342,-.031,-.343,.936,-.084,0,.09,.996);
			es = "Linear";
			ed = "In";
		};
		["Head"] = {
			cf = cfr(.02,-.045,-.008,.904,-.4,.15,.419,.898,-.135,-.081,.185,.979);
			es = "Linear";
			ed = "In";
		};
		["Left Leg"] = {
			cf = cfr(-.124,.256,.077,.756,.069,.651,-.129,.991,.044,-.642,-.118,.757);
			es = "Linear";
			ed = "In";
		};
		["Right Arm"] = {
			cf = cfr(.119,-.732,.413,-.258,-.175,-.95,.066,-.984,.164,-.964,-.02,.265);
			es = "Linear";
			ed = "In";
		};
		["Scythe"] = {
			cf = cfr(-.001,0,-.013,.995,.012,.097,-.009,1,-.024,-.097,.023,.995);
			es = "Linear";
			ed = "In";
		};
		["Left Arm"] = {
			cf = cfr(-.068,-.251,.02,.979,.129,-.155,-.118,.99,.078,.163,-.058,.985);
			es = "Linear";
			ed = "In";
		};
		["Right Leg"] = {
			cf = cfr(.171,.182,.013,.959,.216,-.182,-.164,.951,.264,.23,-.223,.947);
			es = "Linear";
			ed = "In";
		};
		};
	{
		tm = .083;
		["Torso"] = {
			cf = cfr(-.003,-.007,-.249,.939,.342,-.031,-.343,.935,-.085,0,.091,.996);
			es = "Linear";
			ed = "In";
		};
		["Head"] = {
			cf = cfr(.02,-.045,-.008,.905,-.399,.15,.418,.898,-.133,-.082,.184,.98);
			es = "Linear";
			ed = "In";
		};
		["Left Leg"] = {
			cf = cfr(-.125,.257,.078,.755,.069,.652,-.128,.991,.045,-.643,-.117,.757);
			es = "Linear";
			ed = "In";
		};
		["Right Arm"] = {
			cf = cfr(.12,-.732,.412,-.26,-.174,-.95,.064,-.985,.163,-.964,-.018,.267);
			es = "Linear";
			ed = "In";
		};
		["Scythe"] = {
			cf = cfr(-.002,0,-.015,.995,.013,.099,-.011,1,-.022,-.099,.021,.995);
			es = "Linear";
			ed = "In";
		};
		["Left Arm"] = {
			cf = cfr(-.068,-.249,.019,.98,.125,-.155,-.114,.99,.079,.163,-.059,.985);
			es = "Linear";
			ed = "In";
		};
		["Right Leg"] = {
			cf = cfr(.171,.182,.013,.959,.215,-.182,-.164,.951,.263,.23,-.223,.947);
			es = "Linear";
			ed = "In";
		};
		};
	{
		tm = .1;
		["Torso"] = {
			cf = cfr(-.004,-.01,-.249,.939,.343,-.032,-.344,.935,-.087,0,.092,.996);
			es = "Linear";
			ed = "In";
		};
		["Left Leg"] = {
			cf = cfr(-.127,.259,.079,.755,.068,.653,-.128,.991,.045,-.644,-.117,.756);
			es = "Linear";
			ed = "In";
		};
		["Right Arm"] = {
			cf = cfr(.121,-.732,.411,-.261,-.173,-.95,.061,-.985,.162,-.963,-.016,.268);
			es = "Linear";
			ed = "In";
		};
		["Scythe"] = {
			cf = cfr(-.002,0,-.018,.995,.015,.1,-.013,1,-.02,-.101,.019,.995);
			es = "Linear";
			ed = "In";
		};
		["Left Arm"] = {
			cf = cfr(-.068,-.248,.019,.98,.122,-.155,-.111,.991,.079,.163,-.06,.985);
			es = "Linear";
			ed = "In";
		};
		["Right Leg"] = {
			cf = cfr(.171,.182,.014,.96,.215,-.182,-.163,.951,.263,.229,-.223,.948);
			es = "Linear";
			ed = "In";
		};
		};
	{
		tm = .117;
		["Torso"] = {
			cf = cfr(-.005,-.013,-.249,.939,.343,-.032,-.345,.934,-.089,0,.094,.996);
			es = "Linear";
			ed = "In";
		};
		["Left Leg"] = {
			cf = cfr(-.128,.261,.08,.754,.067,.653,-.127,.991,.045,-.645,-.116,.756);
			es = "Linear";
			ed = "In";
		};
		["Right Arm"] = {
			cf = cfr(.121,-.732,.411,-.262,-.172,-.95,.06,-.985,.162,-.963,-.014,.269);
			es = "Linear";
			ed = "In";
		};
		["Scythe"] = {
			cf = cfr(-.002,0,-.019,.995,.016,.102,-.014,1,-.019,-.102,.017,.995);
			es = "Linear";
			ed = "In";
		};
		["Left Arm"] = {
			cf = cfr(-.068,-.247,.018,.981,.119,-.155,-.108,.991,.079,.163,-.061,.985);
			es = "Linear";
			ed = "In";
		};
		["Right Leg"] = {
			cf = cfr(.171,.182,.014,.96,.213,-.181,-.162,.951,.262,.229,-.222,.948);
			es = "Linear";
			ed = "In";
		};
		};
	{
		tm = .133;
		["Torso"] = {
			cf = cfr(-.006,-.017,-.249,.938,.344,-.033,-.346,.934,-.091,-.001,.096,.995);
			es = "Linear";
			ed = "In";
		};
		["Left Leg"] = {
			cf = cfr(-.13,.263,.082,.753,.066,.654,-.126,.991,.045,-.646,-.116,.755);
			es = "Linear";
			ed = "In";
		};
		["Right Arm"] = {
			cf = cfr(.122,-.732,.411,-.263,-.171,-.949,.059,-.985,.161,-.963,-.013,.269);
			es = "Linear";
			ed = "In";
		};
		["Scythe"] = {
			cf = cfr(-.002,0,-.021,.995,.017,.103,-.015,1,-.018,-.103,.016,.995);
			es = "Linear";
			ed = "In";
		};
		["Left Arm"] = {
			cf = cfr(-.068,-.246,.018,.981,.117,-.155,-.106,.991,.079,.163,-.061,.985);
			es = "Linear";
			ed = "In";
		};
		["Right Leg"] = {
			cf = cfr(.171,.183,.015,.96,.212,-.181,-.161,.952,.262,.228,-.222,.948);
			es = "Linear";
			ed = "In";
		};
		};
	{
		tm = .15;
		["Torso"] = {
			cf = cfr(-.008,-.022,-.248,.938,.345,-.034,-.347,.933,-.093,-.001,.099,.995);
			es = "Linear";
			ed = "In";
		};
		["Left Leg"] = {
			cf = cfr(-.132,.265,.083,.752,.065,.655,-.124,.991,.045,-.647,-.115,.754);
			es = "Linear";
			ed = "In";
		};
		["Right Arm"] = {
			cf = cfr(.122,-.732,.411,-.264,-.171,-.949,.058,-.985,.161,-.963,-.013,.27);
			es = "Linear";
			ed = "In";
		};
		["Scythe"] = {
			cf = cfr(-.002,0,-.021,.995,.018,.103,-.016,1,-.017,-.103,.015,.995);
			es = "Linear";
			ed = "In";
		};
		["Left Arm"] = {
			cf = cfr(-.068,-.246,.018,.981,.116,-.155,-.105,.991,.079,.163,-.061,.985);
			es = "Linear";
			ed = "In";
		};
		["Right Leg"] = {
			cf = cfr(.171,.183,.015,.961,.211,-.181,-.16,.952,.261,.227,-.222,.948);
			es = "Linear";
			ed = "In";
		};
		};
	{
		tm = .167;
		["Torso"] = {
			cf = cfr(-.01,-.027,-.248,.938,.346,-.034,-.348,.933,-.095,-.001,.101,.995);
			es = "Linear";
			ed = "In";
		};
		["Head"] = {
			cf = cfr(.02,-.045,-.008,.902,-.401,.161,.421,.899,-.118,-.097,.175,.98);
			es = "Linear";
			ed = "In";
		};
		["Left Leg"] = {
			cf = cfr(-.134,.268,.085,.752,.064,.657,-.123,.991,.045,-.648,-.114,.753);
			es = "Linear";
			ed = "In";
		};
		["Right Arm"] = {
			cf = cfr(.122,-.732,.411,-.264,-.17,-.949,.058,-.985,.161,-.963,-.012,.27);
			es = "Linear";
			ed = "In";
		};
		["Scythe"] = {
			cf = cfr(-.002,0,-.022,.994,.018,.103,-.016,1,-.017,-.104,.015,.994);
			es = "Linear";
			ed = "In";
		};
		["Left Arm"] = {
			cf = cfr(-.068,-.245,.018,.981,.116,-.155,-.104,.991,.079,.163,-.062,.985);
			es = "Linear";
			ed = "In";
		};
		["Right Leg"] = {
			cf = cfr(.171,.183,.016,.961,.209,-.181,-.158,.953,.26,.226,-.221,.949);
			es = "Linear";
			ed = "In";
		};
		};
	{
		tm = .183;
		["Torso"] = {
			cf = cfr(-.012,-.032,-.248,.937,.347,-.035,-.349,.932,-.098,-.001,.104,.995);
			es = "Linear";
			ed = "In";
		};
		["Left Leg"] = {
			cf = cfr(-.136,.271,.086,.751,.062,.658,-.121,.992,.045,-.649,-.113,.752);
			es = "Linear";
			ed = "In";
		};
		["Right Leg"] = {
			cf = cfr(.17,.184,.017,.961,.208,-.18,-.157,.953,.259,.226,-.221,.949);
			es = "Linear";
			ed = "In";
		};
		};
	{
		tm = .2;
		["Torso"] = {
			cf = cfr(-.014,-.037,-.247,.937,.348,-.036,-.35,.931,-.101,-.001,.107,.994);
			es = "Linear";
			ed = "In";
		};
		["Left Leg"] = {
			cf = cfr(-.138,.274,.088,.75,.061,.659,-.12,.992,.045,-.651,-.113,.751);
			es = "Linear";
			ed = "In";
		};
		["Right Leg"] = {
			cf = cfr(.17,.184,.018,.962,.206,-.18,-.156,.953,.258,.225,-.22,.949);
			es = "Linear";
			ed = "In";
		};
		};
	{
		tm = .217;
		["Torso"] = {
			cf = cfr(-.016,-.043,-.247,.936,.349,-.037,-.351,.931,-.104,-.001,.11,.994);
			es = "Linear";
			ed = "In";
		};
		["Left Leg"] = {
			cf = cfr(-.141,.277,.09,.749,.059,.66,-.118,.992,.045,-.652,-.112,.75);
			es = "Linear";
			ed = "In";
		};
		["Right Leg"] = {
			cf = cfr(.17,.184,.019,.962,.204,-.18,-.154,.954,.257,.224,-.22,.95);
			es = "Linear";
			ed = "In";
		};
		};
	{
		tm = .233;
		["Torso"] = {
			cf = cfr(-.018,-.05,-.246,.936,.35,-.038,-.352,.93,-.107,-.002,.113,.994);
			es = "Linear";
			ed = "In";
		};
		["Left Leg"] = {
			cf = cfr(-.143,.281,.092,.747,.058,.662,-.116,.992,.045,-.654,-.111,.748);
			es = "Linear";
			ed = "In";
		};
		["Right Leg"] = {
			cf = cfr(.17,.185,.019,.963,.202,-.179,-.152,.954,.256,.223,-.219,.95);
			es = "Linear";
			ed = "In";
		};
		};
	{
		tm = .25;
		["Torso"] = {
			cf = cfr(-.02,-.056,-.246,.935,.351,-.04,-.354,.929,-.11,-.002,.117,.993);
			es = "Linear";
			ed = "In";
		};
		["Head"] = {
			cf = cfr(.021,-.045,-.008,.897,-.418,.142,.434,.893,-.119,-.077,.169,.983);
			es = "Linear";
			ed = "In";
		};
		["Left Leg"] = {
			cf = cfr(-.146,.284,.094,.746,.056,.663,-.115,.992,.045,-.656,-.11,.747);
			es = "Linear";
			ed = "In";
		};
		["Right Leg"] = {
			cf = cfr(.17,.185,.02,.963,.2,-.179,-.151,.955,.255,.222,-.219,.95);
			es = "Linear";
			ed = "In";
		};
		};
	{
		tm = .267;
		["Torso"] = {
			cf = cfr(-.023,-.063,-.245,.935,.353,-.041,-.355,.928,-.113,-.002,.12,.993);
			es = "Linear";
			ed = "In";
		};
		["Left Leg"] = {
			cf = cfr(-.149,.288,.096,.745,.054,.665,-.113,.993,.045,-.657,-.109,.746);
			es = "Linear";
			ed = "In";
		};
		["Right Leg"] = {
			cf = cfr(.17,.185,.021,.964,.198,-.178,-.149,.956,.254,.221,-.218,.951);
			es = "Linear";
			ed = "In";
		};
		};
	{
		tm = .283;
		["Torso"] = {
			cf = cfr(-.025,-.07,-.245,.934,.354,-.042,-.356,.927,-.117,-.002,.124,.992);
			es = "Linear";
			ed = "In";
		};
		["Left Leg"] = {
			cf = cfr(-.152,.292,.098,.744,.053,.666,-.111,.993,.045,-.659,-.108,.744);
			es = "Linear";
			ed = "In";
		};
		["Right Leg"] = {
			cf = cfr(.17,.186,.022,.964,.196,-.178,-.147,.956,.253,.22,-.218,.951);
			es = "Linear";
			ed = "In";
		};
		};
	{
		tm = .3;
		["Torso"] = {
			cf = cfr(-.028,-.077,-.244,.934,.355,-.043,-.358,.926,-.12,-.003,.128,.992);
			es = "Linear";
			ed = "In";
		};
		["Left Leg"] = {
			cf = cfr(-.154,.296,.101,.742,.051,.668,-.109,.993,.045,-.661,-.106,.743);
			es = "Linear";
			ed = "In";
		};
		["Right Leg"] = {
			cf = cfr(.169,.186,.023,.965,.193,-.177,-.145,.957,.252,.218,-.217,.951);
			es = "Linear";
			ed = "In";
		};
		};
	{
		tm = .317;
		["Torso"] = {
			cf = cfr(-.031,-.084,-.244,.933,.356,-.045,-.359,.925,-.124,-.003,.131,.991);
			es = "Linear";
			ed = "In";
		};
		["Left Leg"] = {
			cf = cfr(-.157,.299,.103,.741,.049,.67,-.107,.993,.045,-.663,-.105,.741);
			es = "Linear";
			ed = "In";
		};
		["Right Leg"] = {
			cf = cfr(.169,.187,.024,.966,.191,-.177,-.143,.957,.251,.217,-.217,.952);
			es = "Linear";
			ed = "In";
		};
		};
	{
		tm = .333;
		["Torso"] = {
			cf = cfr(-.033,-.091,-.243,.933,.358,-.046,-.361,.924,-.127,-.003,.135,.991);
			es = "Linear";
			ed = "In";
		};
		["Head"] = {
			cf = cfr(.021,-.044,-.009,.893,-.426,.149,.444,.888,-.123,-.079,.176,.981);
			es = "Linear";
			ed = "In";
		};
		["Left Leg"] = {
			cf = cfr(-.16,.303,.105,.74,.047,.671,-.105,.993,.046,-.665,-.104,.74);
			es = "Linear";
			ed = "In";
		};
		["Right Arm"] = {
			cf = cfr(.103,-.73,.419,-.258,-.19,-.947,.044,-.982,.185,-.965,.006,.262);
			es = "Linear";
			ed = "In";
		};
		["Scythe"] = {
			cf = cfr(-.002,0,-.031,.997,.005,.077,-.004,1,-.016,-.077,.016,.997);
			es = "Linear";
			ed = "In";
		};
		["Left Arm"] = {
			cf = cfr(-.063,-.241,.021,.984,.079,-.16,-.064,.993,.098,.167,-.086,.982);
			es = "Linear";
			ed = "In";
		};
		["Right Leg"] = {
			cf = cfr(.169,.187,.026,.966,.189,-.176,-.142,.958,.25,.216,-.216,.952);
			es = "Linear";
			ed = "In";
		};
		};
	{
		tm = .35;
		["Torso"] = {
			cf = cfr(-.036,-.098,-.242,.932,.359,-.047,-.362,.923,-.131,-.004,.139,.99);
			es = "Linear";
			ed = "In";
		};
		["Left Leg"] = {
			cf = cfr(-.163,.307,.108,.738,.046,.673,-.103,.994,.046,-.666,-.103,.738);
			es = "Linear";
			ed = "In";
		};
		["Right Leg"] = {
			cf = cfr(.169,.187,.027,.967,.187,-.176,-.14,.958,.249,.215,-.216,.953);
			es = "Linear";
			ed = "In";
		};
		};
	{
		tm = .367;
		["Torso"] = {
			cf = cfr(-.038,-.105,-.242,.932,.36,-.048,-.364,.922,-.134,-.004,.143,.99);
			es = "Linear";
			ed = "In";
		};
		["Left Leg"] = {
			cf = cfr(-.166,.311,.11,.737,.044,.674,-.101,.994,.046,-.668,-.102,.737);
			es = "Linear";
			ed = "In";
		};
		["Right Leg"] = {
			cf = cfr(.169,.188,.028,.967,.184,-.175,-.138,.959,.247,.214,-.215,.953);
			es = "Linear";
			ed = "In";
		};
		};
	{
		tm = .383;
		["Torso"] = {
			cf = cfr(-.041,-.112,-.241,.931,.362,-.05,-.365,.921,-.138,-.004,.146,.989);
			es = "Linear";
			ed = "In";
		};
		["Left Leg"] = {
			cf = cfr(-.169,.315,.112,.736,.042,.676,-.099,.994,.046,-.67,-.101,.735);
			es = "Linear";
			ed = "In";
		};
		["Right Leg"] = {
			cf = cfr(.169,.188,.029,.968,.182,-.175,-.136,.96,.246,.213,-.215,.953);
			es = "Linear";
			ed = "In";
		};
		};
	{
		tm = .4;
		["Torso"] = {
			cf = cfr(-.043,-.119,-.241,.93,.363,-.051,-.366,.92,-.141,-.004,.15,.989);
			es = "Linear";
			ed = "In";
		};
		["Left Leg"] = {
			cf = cfr(-.172,.319,.114,.734,.04,.678,-.097,.994,.046,-.672,-.1,.734);
			es = "Linear";
			ed = "In";
		};
		["Right Leg"] = {
			cf = cfr(.168,.189,.03,.968,.18,-.175,-.134,.96,.245,.212,-.214,.954);
			es = "Linear";
			ed = "In";
		};
		};
	{
		tm = .417;
		["Torso"] = {
			cf = cfr(-.046,-.126,-.24,.93,.364,-.052,-.368,.919,-.144,-.005,.154,.988);
			es = "Linear";
			ed = "In";
		};
		["Head"] = {
			cf = cfr(.021,-.044,-.009,.895,-.417,.157,.438,.889,-.137,-.082,.191,.978);
			es = "Linear";
			ed = "In";
		};
		["Left Leg"] = {
			cf = cfr(-.175,.322,.116,.733,.039,.679,-.095,.994,.046,-.673,-.099,.733);
			es = "Linear";
			ed = "In";
		};
		["Right Leg"] = {
			cf = cfr(.168,.189,.031,.969,.178,-.174,-.132,.961,.244,.211,-.213,.954);
			es = "Linear";
			ed = "In";
		};
		};
	{
		tm = .433;
		["Torso"] = {
			cf = cfr(-.048,-.132,-.24,.929,.365,-.053,-.369,.918,-.148,-.005,.157,.988);
			es = "Linear";
			ed = "In";
		};
		["Left Leg"] = {
			cf = cfr(-.178,.326,.119,.732,.037,.68,-.093,.995,.046,-.675,-.097,.731);
			es = "Linear";
			ed = "In";
		};
		["Right Leg"] = {
			cf = cfr(.168,.189,.032,.969,.176,-.174,-.131,.961,.243,.21,-.213,.954);
			es = "Linear";
			ed = "In";
		};
		};
	{
		tm = .45;
		["Torso"] = {
			cf = cfr(-.05,-.138,-.239,.929,.366,-.054,-.37,.917,-.151,-.005,.16,.987);
			es = "Linear";
			ed = "In";
		};
		["Left Leg"] = {
			cf = cfr(-.18,.329,.121,.731,.035,.682,-.092,.995,.046,-.677,-.096,.73);
			es = "Linear";
			ed = "In";
		};
		["Right Leg"] = {
			cf = cfr(.168,.19,.032,.969,.174,-.173,-.129,.962,.242,.209,-.212,.955);
			es = "Linear";
			ed = "In";
		};
		};
	{
		tm = .467;
		["Torso"] = {
			cf = cfr(-.053,-.144,-.239,.928,.367,-.056,-.372,.916,-.154,-.006,.163,.987);
			es = "Linear";
			ed = "In";
		};
		["Left Leg"] = {
			cf = cfr(-.183,.333,.122,.729,.034,.683,-.09,.995,.047,-.678,-.095,.729);
			es = "Linear";
			ed = "In";
		};
		["Right Leg"] = {
			cf = cfr(.168,.19,.033,.97,.172,-.173,-.127,.962,.241,.208,-.212,.955);
			es = "Linear";
			ed = "In";
		};
		};
	{
		tm = .483;
		["Torso"] = {
			cf = cfr(-.055,-.15,-.238,.928,.368,-.057,-.373,.915,-.156,-.006,.166,.986);
			es = "Linear";
			ed = "In";
		};
		["Left Leg"] = {
			cf = cfr(-.185,.336,.124,.728,.033,.684,-.088,.995,.047,-.679,-.095,.728);
			es = "Linear";
			ed = "In";
		};
		["Right Leg"] = {
			cf = cfr(.168,.191,.034,.97,.17,-.172,-.126,.963,.24,.207,-.211,.955);
			es = "Linear";
			ed = "In";
		};
		};
	{
		tm = .5;
		["Torso"] = {
			cf = cfr(-.057,-.155,-.238,.928,.369,-.058,-.374,.914,-.159,-.006,.169,.986);
			es = "Linear";
			ed = "In";
		};
		["Head"] = {
			cf = cfr(.022,-.044,-.008,.892,-.432,.138,.448,.885,-.128,-.067,.176,.982);
			es = "Linear";
			ed = "In";
		};
		["Left Leg"] = {
			cf = cfr(-.187,.339,.126,.727,.031,.686,-.087,.995,.047,-.681,-.094,.726);
			es = "Linear";
			ed = "In";
		};
		["Right Arm"] = {
			cf = cfr(.099,-.735,.412,-.247,-.192,-.95,.063,-.981,.182,-.967,-.015,.255);
			es = "Linear";
			ed = "In";
		};
		["Scythe"] = {
			cf = cfr(-.003,0,-.031,.995,.003,.104,-.002,1,-.012,-.104,.012,.995);
			es = "Linear";
			ed = "In";
		};
		["Left Arm"] = {
			cf = cfr(-.066,-.245,.026,.984,.106,-.142,-.091,.99,.108,.152,-.093,.984);
			es = "Linear";
			ed = "In";
		};
		["Right Leg"] = {
			cf = cfr(.168,.191,.035,.971,.168,-.172,-.125,.963,.239,.206,-.211,.956);
			es = "Linear";
			ed = "In";
		};
		};
	{
		tm = .517;
		["Torso"] = {
			cf = cfr(-.058,-.16,-.238,.927,.37,-.059,-.375,.913,-.161,-.006,.172,.985);
			es = "Linear";
			ed = "In";
		};
		["Left Leg"] = {
			cf = cfr(-.189,.341,.127,.726,.03,.687,-.086,.995,.047,-.682,-.093,.725);
			es = "Linear";
			ed = "In";
		};
		["Right Leg"] = {
			cf = cfr(.167,.191,.036,.971,.167,-.172,-.123,.963,.239,.205,-.211,.956);
			es = "Linear";
			ed = "In";
		};
		};
	{
		tm = .533;
		["Torso"] = {
			cf = cfr(-.06,-.164,-.237,.927,.371,-.059,-.376,.912,-.164,-.007,.174,.985);
			es = "Linear";
			ed = "In";
		};
		["Left Leg"] = {
			cf = cfr(-.191,.344,.129,.725,.029,.688,-.084,.995,.047,-.683,-.092,.725);
			es = "Linear";
			ed = "In";
		};
		["Right Leg"] = {
			cf = cfr(.167,.191,.036,.971,.165,-.171,-.122,.964,.238,.204,-.21,.956);
			es = "Linear";
			ed = "In";
		};
		};
	{
		tm = .55;
		["Torso"] = {
			cf = cfr(-.061,-.168,-.237,.926,.372,-.06,-.376,.912,-.165,-.007,.176,.984);
			es = "Linear";
			ed = "In";
		};
		["Left Leg"] = {
			cf = cfr(-.193,.346,.13,.725,.028,.689,-.083,.995,.047,-.684,-.091,.724);
			es = "Linear";
			ed = "In";
		};
		["Right Leg"] = {
			cf = cfr(.167,.192,.037,.971,.164,-.171,-.121,.964,.237,.204,-.21,.956);
			es = "Linear";
			ed = "In";
		};
		};
	{
		tm = .567;
		["Torso"] = {
			cf = cfr(-.063,-.172,-.237,.926,.372,-.061,-.377,.911,-.167,-.007,.178,.984);
			es = "Linear";
			ed = "In";
		};
		["Left Leg"] = {
			cf = cfr(-.194,.348,.131,.724,.027,.689,-.082,.995,.047,-.685,-.091,.723);
			es = "Linear";
			ed = "In";
		};
		["Right Leg"] = {
			cf = cfr(.167,.192,.037,.972,.163,-.171,-.12,.964,.237,.203,-.21,.956);
			es = "Linear";
			ed = "In";
		};
		};
	{
		tm = .583;
		["Torso"] = {
			cf = cfr(-.064,-.175,-.237,.926,.373,-.061,-.378,.91,-.169,-.007,.179,.984);
			es = "Linear";
			ed = "In";
		};
		["Head"] = {
			cf = cfr(.021,-.045,-.008,.9,-.412,.144,.43,.893,-.133,-.074,.182,.981);
			es = "Linear";
			ed = "In";
		};
		["Left Leg"] = {
			cf = cfr(-.196,.349,.132,.723,.026,.69,-.081,.996,.047,-.686,-.09,.722);
			es = "Linear";
			ed = "In";
		};
		["Right Leg"] = {
			cf = cfr(.167,.192,.038,.972,.162,-.171,-.119,.964,.236,.203,-.209,.957);
			es = "Linear";
			ed = "In";
		};
		};
	{
		tm = .6;
		["Torso"] = {
			cf = cfr(-.065,-.177,-.236,.926,.373,-.062,-.378,.91,-.17,-.007,.181,.984);
			es = "Linear";
			ed = "In";
		};
		["Left Leg"] = {
			cf = cfr(-.197,.351,.133,.723,.026,.69,-.081,.996,.047,-.686,-.09,.722);
			es = "Linear";
			ed = "In";
		};
		["Right Leg"] = {
			cf = cfr(.167,.192,.038,.972,.161,-.17,-.119,.965,.236,.202,-.209,.957);
			es = "Linear";
			ed = "In";
		};
		};
	{
		tm = .617;
		["Torso"] = {
			cf = cfr(-.065,-.179,-.236,.926,.374,-.062,-.379,.91,-.171,-.007,.182,.983);
			es = "Linear";
			ed = "In";
		};
		["Left Leg"] = {
			cf = cfr(-.197,.352,.134,.723,.025,.691,-.08,.996,.047,-.687,-.09,.721);
			es = "Linear";
			ed = "In";
		};
		["Right Leg"] = {
			cf = cfr(.167,.192,.038,.972,.161,-.17,-.118,.965,.236,.202,-.209,.957);
			es = "Linear";
			ed = "In";
		};
		};
	{
		tm = .633;
		["Torso"] = {
			cf = cfr(-.066,-.181,-.236,.925,.374,-.062,-.379,.909,-.171,-.007,.182,.983);
			es = "Linear";
			ed = "In";
		};
		["Left Leg"] = {
			cf = cfr(-.198,.353,.134,.722,.025,.691,-.08,.996,.047,-.687,-.089,.721);
			es = "Linear";
			ed = "In";
		};
		["Right Leg"] = {
			cf = cfr(.167,.192,.039,.972,.16,-.17,-.118,.965,.235,.202,-.209,.957);
			es = "Linear";
			ed = "In";
		};
		};
	{
		tm = .65;
		["Torso"] = {
			cf = cfr(-.066,-.181,-.236,.925,.374,-.063,-.379,.909,-.172,-.007,.183,.983);
			es = "Linear";
			ed = "In";
		};
		["Left Leg"] = {
			cf = cfr(-.198,.353,.134,.722,.025,.691,-.08,.996,.047,-.687,-.089,.721);
			es = "Linear";
			ed = "In";
		};
		["Right Leg"] = {
			cf = cfr(.167,.192,.039,.972,.16,-.17,-.118,.965,.235,.202,-.209,.957);
			es = "Linear";
			ed = "In";
		};
		};
	{
		tm = .667;
		["Torso"] = {
			cf = cfr(-.066,-.182,-.236,.925,.374,-.063,-.379,.909,-.172,-.007,.183,.983);
			es = "Sine";
			ed = "InOut";
		};
		["Head"] = {
			cf = cfr(.021,-.044,-.009,.895,-.414,.164,.439,.883,-.167,-.076,.222,.972);
			es = "Linear";
			ed = "In";
		};
		["Left Leg"] = {
			cf = cfr(-.198,.353,.135,.722,.025,.691,-.079,.996,.047,-.687,-.089,.721);
			es = "Sine";
			ed = "InOut";
		};
		["Right Arm"] = {
			cf = cfr(.118,-.73,.415,-.254,-.178,-.951,.077,-.983,.164,-.964,-.031,.263);
			es = "Linear";
			ed = "In";
		};
		["Scythe"] = {
			cf = cfr(-.003,0,-.031,.996,-.007,.089,.007,1,-.001,-.089,.002,.996);
			es = "Linear";
			ed = "In";
		};
		["Left Arm"] = {
			cf = cfr(-.064,-.26,.024,.976,.134,-.171,-.12,.989,.085,.181,-.062,.982);
			es = "Linear";
			ed = "In";
		};
		["Right Leg"] = {
			cf = cfr(.167,.192,.039,.972,.16,-.17,-.117,.965,.235,.202,-.209,.957);
			es = "Sine";
			ed = "InOut";
		};
		};
	{
		tm = .683;
		["Torso"] = {
			cf = cfr(-.066,-.181,-.236,.925,.374,-.063,-.379,.909,-.172,-.007,.183,.983);
			es = "Linear";
			ed = "In";
		};
		["Left Leg"] = {
			cf = cfr(-.198,.353,.134,.722,.025,.691,-.08,.996,.047,-.687,-.089,.721);
			es = "Linear";
			ed = "In";
		};
		["Right Leg"] = {
			cf = cfr(.167,.192,.039,.972,.16,-.17,-.118,.965,.235,.202,-.209,.957);
			es = "Linear";
			ed = "In";
		};
		};
	{
		tm = .7;
		["Torso"] = {
			cf = cfr(-.066,-.181,-.236,.925,.374,-.062,-.379,.909,-.171,-.007,.182,.983);
			es = "Linear";
			ed = "In";
		};
		["Left Leg"] = {
			cf = cfr(-.198,.353,.134,.722,.025,.691,-.08,.996,.047,-.687,-.089,.721);
			es = "Linear";
			ed = "In";
		};
		["Right Leg"] = {
			cf = cfr(.167,.192,.039,.972,.16,-.17,-.118,.965,.235,.202,-.209,.957);
			es = "Linear";
			ed = "In";
		};
		};
	{
		tm = .717;
		["Torso"] = {
			cf = cfr(-.065,-.179,-.236,.926,.374,-.062,-.379,.91,-.171,-.007,.182,.983);
			es = "Linear";
			ed = "In";
		};
		["Left Leg"] = {
			cf = cfr(-.197,.352,.134,.723,.025,.691,-.08,.996,.047,-.687,-.09,.721);
			es = "Linear";
			ed = "In";
		};
		["Right Leg"] = {
			cf = cfr(.167,.192,.038,.972,.161,-.17,-.118,.965,.236,.202,-.209,.957);
			es = "Linear";
			ed = "In";
		};
		};
	{
		tm = .733;
		["Torso"] = {
			cf = cfr(-.065,-.177,-.236,.926,.373,-.062,-.378,.91,-.17,-.007,.181,.984);
			es = "Linear";
			ed = "In";
		};
		["Left Leg"] = {
			cf = cfr(-.197,.351,.133,.723,.026,.69,-.081,.996,.047,-.686,-.09,.722);
			es = "Linear";
			ed = "In";
		};
		["Right Leg"] = {
			cf = cfr(.167,.192,.038,.972,.161,-.17,-.119,.965,.236,.202,-.209,.957);
			es = "Linear";
			ed = "In";
		};
		};
	{
		tm = .75;
		["Torso"] = {
			cf = cfr(-.064,-.175,-.237,.926,.373,-.061,-.378,.91,-.169,-.007,.179,.984);
			es = "Linear";
			ed = "In";
		};
		["Head"] = {
			cf = cfr(.021,-.045,-.008,.898,-.417,.141,.437,.884,-.164,-.056,.209,.976);
			es = "Linear";
			ed = "In";
		};
		["Left Leg"] = {
			cf = cfr(-.196,.349,.132,.723,.026,.69,-.081,.996,.047,-.686,-.09,.722);
			es = "Linear";
			ed = "In";
		};
		["Right Leg"] = {
			cf = cfr(.167,.192,.038,.972,.162,-.171,-.119,.964,.236,.203,-.209,.957);
			es = "Linear";
			ed = "In";
		};
		};
	{
		tm = .767;
		["Torso"] = {
			cf = cfr(-.063,-.172,-.237,.926,.372,-.061,-.377,.911,-.167,-.007,.178,.984);
			es = "Linear";
			ed = "In";
		};
		["Left Leg"] = {
			cf = cfr(-.194,.348,.131,.724,.027,.689,-.082,.995,.047,-.685,-.091,.723);
			es = "Linear";
			ed = "In";
		};
		["Right Leg"] = {
			cf = cfr(.167,.192,.037,.972,.163,-.171,-.12,.964,.237,.203,-.21,.956);
			es = "Linear";
			ed = "In";
		};
		};
	{
		tm = .783;
		["Torso"] = {
			cf = cfr(-.061,-.168,-.237,.926,.372,-.06,-.376,.912,-.165,-.007,.176,.984);
			es = "Linear";
			ed = "In";
		};
		["Left Leg"] = {
			cf = cfr(-.193,.346,.13,.725,.028,.689,-.083,.995,.047,-.684,-.091,.724);
			es = "Linear";
			ed = "In";
		};
		["Right Leg"] = {
			cf = cfr(.167,.192,.037,.971,.164,-.171,-.121,.964,.237,.204,-.21,.956);
			es = "Linear";
			ed = "In";
		};
		};
	{
		tm = .8;
		["Torso"] = {
			cf = cfr(-.06,-.164,-.237,.927,.371,-.059,-.376,.912,-.164,-.007,.174,.985);
			es = "Linear";
			ed = "In";
		};
		["Left Leg"] = {
			cf = cfr(-.191,.344,.129,.725,.029,.688,-.084,.995,.047,-.683,-.092,.725);
			es = "Linear";
			ed = "In";
		};
		["Right Leg"] = {
			cf = cfr(.167,.191,.036,.971,.165,-.171,-.122,.964,.238,.204,-.21,.956);
			es = "Linear";
			ed = "In";
		};
		};
	{
		tm = .817;
		["Torso"] = {
			cf = cfr(-.058,-.16,-.238,.927,.37,-.059,-.375,.913,-.161,-.006,.172,.985);
			es = "Linear";
			ed = "In";
		};
		["Left Leg"] = {
			cf = cfr(-.189,.341,.127,.726,.03,.687,-.086,.995,.047,-.682,-.093,.725);
			es = "Linear";
			ed = "In";
		};
		["Right Leg"] = {
			cf = cfr(.167,.191,.036,.971,.167,-.172,-.123,.963,.239,.205,-.211,.956);
			es = "Linear";
			ed = "In";
		};
		};
	{
		tm = .833;
		["Torso"] = {
			cf = cfr(-.057,-.155,-.238,.928,.369,-.058,-.374,.914,-.159,-.006,.169,.986);
			es = "Linear";
			ed = "In";
		};
		["Head"] = {
			cf = cfr(.02,-.045,-.01,.904,-.396,.161,.423,.883,-.205,-.061,.254,.965);
			es = "Linear";
			ed = "In";
		};
		["Left Leg"] = {
			cf = cfr(-.187,.339,.126,.727,.031,.686,-.087,.995,.047,-.681,-.094,.726);
			es = "Linear";
			ed = "In";
		};
		["Right Arm"] = {
			cf = cfr(.107,-.731,.417,-.253,-.204,-.946,.101,-.978,.184,-.962,-.049,.268);
			es = "Linear";
			ed = "In";
		};
		["Scythe"] = {
			cf = cfr(-.003,0,-.031,.995,.016,.103,-.015,1,-.003,-.103,.001,.995);
			es = "Linear";
			ed = "In";
		};
		["Left Arm"] = {
			cf = cfr(-.069,-.272,.019,.97,.187,-.155,-.182,.982,.047,.161,-.017,.987);
			es = "Linear";
			ed = "In";
		};
		["Right Leg"] = {
			cf = cfr(.168,.191,.035,.971,.168,-.172,-.125,.963,.239,.206,-.211,.956);
			es = "Linear";
			ed = "In";
		};
		};
	{
		tm = .85;
		["Torso"] = {
			cf = cfr(-.055,-.15,-.238,.928,.368,-.057,-.373,.915,-.156,-.006,.166,.986);
			es = "Linear";
			ed = "In";
		};
		["Left Leg"] = {
			cf = cfr(-.185,.336,.124,.728,.033,.684,-.088,.995,.047,-.679,-.095,.728);
			es = "Linear";
			ed = "In";
		};
		["Right Leg"] = {
			cf = cfr(.168,.191,.034,.97,.17,-.172,-.126,.963,.24,.207,-.211,.955);
			es = "Linear";
			ed = "In";
		};
		};
	{
		tm = .867;
		["Torso"] = {
			cf = cfr(-.053,-.144,-.239,.928,.367,-.056,-.372,.916,-.154,-.006,.163,.987);
			es = "Linear";
			ed = "In";
		};
		["Left Leg"] = {
			cf = cfr(-.183,.333,.122,.729,.034,.683,-.09,.995,.047,-.678,-.095,.729);
			es = "Linear";
			ed = "In";
		};
		["Right Leg"] = {
			cf = cfr(.168,.19,.033,.97,.172,-.173,-.127,.962,.241,.208,-.212,.955);
			es = "Linear";
			ed = "In";
		};
		};
	{
		tm = .883;
		["Torso"] = {
			cf = cfr(-.05,-.138,-.239,.929,.366,-.054,-.37,.917,-.151,-.005,.16,.987);
			es = "Linear";
			ed = "In";
		};
		["Left Leg"] = {
			cf = cfr(-.18,.329,.121,.731,.035,.682,-.092,.995,.046,-.677,-.096,.73);
			es = "Linear";
			ed = "In";
		};
		["Right Leg"] = {
			cf = cfr(.168,.19,.032,.969,.174,-.173,-.129,.962,.242,.209,-.212,.955);
			es = "Linear";
			ed = "In";
		};
		};
	{
		tm = .9;
		["Torso"] = {
			cf = cfr(-.048,-.132,-.24,.929,.365,-.053,-.369,.918,-.148,-.005,.157,.988);
			es = "Linear";
			ed = "In";
		};
		["Left Leg"] = {
			cf = cfr(-.178,.326,.119,.732,.037,.68,-.093,.995,.046,-.675,-.097,.731);
			es = "Linear";
			ed = "In";
		};
		["Right Leg"] = {
			cf = cfr(.168,.189,.032,.969,.176,-.174,-.131,.961,.243,.21,-.213,.954);
			es = "Linear";
			ed = "In";
		};
		};
	{
		tm = .917;
		["Torso"] = {
			cf = cfr(-.046,-.126,-.24,.93,.364,-.052,-.368,.919,-.144,-.005,.154,.988);
			es = "Linear";
			ed = "In";
		};
		["Head"] = {
			cf = cfr(.021,-.045,-.008,.901,-.412,.136,.432,.881,-.192,-.041,.232,.972);
			es = "Linear";
			ed = "In";
		};
		["Left Leg"] = {
			cf = cfr(-.175,.322,.116,.733,.039,.679,-.095,.994,.046,-.673,-.099,.733);
			es = "Linear";
			ed = "In";
		};
		["Right Leg"] = {
			cf = cfr(.168,.189,.031,.969,.178,-.174,-.132,.961,.244,.211,-.213,.954);
			es = "Linear";
			ed = "In";
		};
		};
	{
		tm = .933;
		["Torso"] = {
			cf = cfr(-.043,-.119,-.241,.93,.363,-.051,-.366,.92,-.141,-.004,.15,.989);
			es = "Linear";
			ed = "In";
		};
		["Left Leg"] = {
			cf = cfr(-.172,.319,.114,.734,.04,.678,-.097,.994,.046,-.672,-.1,.734);
			es = "Linear";
			ed = "In";
		};
		["Right Leg"] = {
			cf = cfr(.168,.189,.03,.968,.18,-.175,-.134,.96,.245,.212,-.214,.954);
			es = "Linear";
			ed = "In";
		};
		};
	{
		tm = .95;
		["Torso"] = {
			cf = cfr(-.041,-.112,-.241,.931,.362,-.05,-.365,.921,-.138,-.004,.146,.989);
			es = "Linear";
			ed = "In";
		};
		["Left Leg"] = {
			cf = cfr(-.169,.315,.112,.736,.042,.676,-.099,.994,.046,-.67,-.101,.735);
			es = "Linear";
			ed = "In";
		};
		["Right Leg"] = {
			cf = cfr(.169,.188,.029,.968,.182,-.175,-.136,.96,.246,.213,-.215,.953);
			es = "Linear";
			ed = "In";
		};
		};
	{
		tm = .967;
		["Torso"] = {
			cf = cfr(-.038,-.105,-.242,.932,.36,-.048,-.364,.922,-.134,-.004,.143,.99);
			es = "Linear";
			ed = "In";
		};
		["Left Leg"] = {
			cf = cfr(-.166,.311,.11,.737,.044,.674,-.101,.994,.046,-.668,-.102,.737);
			es = "Linear";
			ed = "In";
		};
		["Right Leg"] = {
			cf = cfr(.169,.188,.028,.967,.184,-.175,-.138,.959,.247,.214,-.215,.953);
			es = "Linear";
			ed = "In";
		};
		};
	{
		tm = .983;
		["Torso"] = {
			cf = cfr(-.036,-.098,-.242,.932,.359,-.047,-.362,.923,-.131,-.004,.139,.99);
			es = "Linear";
			ed = "In";
		};
		["Left Leg"] = {
			cf = cfr(-.163,.307,.108,.738,.046,.673,-.103,.994,.046,-.666,-.103,.738);
			es = "Linear";
			ed = "In";
		};
		["Right Leg"] = {
			cf = cfr(.169,.187,.027,.967,.187,-.176,-.14,.958,.249,.215,-.216,.953);
			es = "Linear";
			ed = "In";
		};
		};
	{
		tm = 1;
		["Torso"] = {
			cf = cfr(-.033,-.091,-.243,.933,.358,-.046,-.361,.924,-.127,-.003,.135,.991);
			es = "Linear";
			ed = "In";
		};
		["Head"] = {
			cf = cfr(.02,-.045,-.008,.906,-.394,.155,.419,.888,-.191,-.062,.238,.969);
			es = "Linear";
			ed = "In";
		};
		["Left Leg"] = {
			cf = cfr(-.16,.303,.105,.74,.047,.671,-.105,.993,.046,-.665,-.104,.74);
			es = "Linear";
			ed = "In";
		};
		["Right Arm"] = {
			cf = cfr(.108,-.737,.405,-.236,-.193,-.952,.125,-.978,.168,-.964,-.08,.255);
			es = "Linear";
			ed = "In";
		};
		["Scythe"] = {
			cf = cfr(-.002,0,-.031,.997,.014,.077,-.015,1,.012,-.076,-.013,.997);
			es = "Linear";
			ed = "In";
		};
		["Left Arm"] = {
			cf = cfr(-.075,-.276,.026,.962,.222,-.158,-.213,.975,.071,.17,-.035,.985);
			es = "Linear";
			ed = "In";
		};
		["Right Leg"] = {
			cf = cfr(.169,.187,.026,.966,.189,-.176,-.142,.958,.25,.216,-.216,.952);
			es = "Linear";
			ed = "In";
		};
		};
	{
		tm = 1.017;
		["Torso"] = {
			cf = cfr(-.031,-.084,-.244,.933,.356,-.045,-.359,.925,-.124,-.003,.131,.991);
			es = "Linear";
			ed = "In";
		};
		["Left Leg"] = {
			cf = cfr(-.157,.299,.103,.741,.049,.67,-.107,.993,.045,-.663,-.105,.741);
			es = "Linear";
			ed = "In";
		};
		["Right Leg"] = {
			cf = cfr(.169,.187,.024,.966,.191,-.177,-.143,.957,.251,.217,-.217,.952);
			es = "Linear";
			ed = "In";
		};
		};
	{
		tm = 1.033;
		["Torso"] = {
			cf = cfr(-.028,-.077,-.244,.934,.355,-.043,-.358,.926,-.12,-.003,.128,.992);
			es = "Linear";
			ed = "In";
		};
		["Left Leg"] = {
			cf = cfr(-.154,.296,.101,.742,.051,.668,-.109,.993,.045,-.661,-.106,.743);
			es = "Linear";
			ed = "In";
		};
		["Right Leg"] = {
			cf = cfr(.169,.186,.023,.965,.193,-.177,-.145,.957,.252,.218,-.217,.951);
			es = "Linear";
			ed = "In";
		};
		};
	{
		tm = 1.05;
		["Torso"] = {
			cf = cfr(-.025,-.07,-.245,.934,.354,-.042,-.356,.927,-.117,-.002,.124,.992);
			es = "Linear";
			ed = "In";
		};
		["Left Leg"] = {
			cf = cfr(-.152,.292,.098,.744,.053,.666,-.111,.993,.045,-.659,-.108,.744);
			es = "Linear";
			ed = "In";
		};
		["Right Leg"] = {
			cf = cfr(.17,.186,.022,.964,.196,-.178,-.147,.956,.253,.22,-.218,.951);
			es = "Linear";
			ed = "In";
		};
		};
	{
		tm = 1.067;
		["Torso"] = {
			cf = cfr(-.023,-.063,-.245,.935,.353,-.041,-.355,.928,-.113,-.002,.12,.993);
			es = "Linear";
			ed = "In";
		};
		["Left Leg"] = {
			cf = cfr(-.149,.288,.096,.745,.054,.665,-.113,.993,.045,-.657,-.109,.746);
			es = "Linear";
			ed = "In";
		};
		["Right Leg"] = {
			cf = cfr(.17,.185,.021,.964,.198,-.178,-.149,.956,.254,.221,-.218,.951);
			es = "Linear";
			ed = "In";
		};
		};
	{
		tm = 1.083;
		["Torso"] = {
			cf = cfr(-.02,-.056,-.246,.935,.351,-.04,-.354,.929,-.11,-.002,.117,.993);
			es = "Linear";
			ed = "In";
		};
		["Head"] = {
			cf = cfr(.02,-.045,-.008,.909,-.397,.128,.416,.889,-.194,-.036,.23,.973);
			es = "Linear";
			ed = "In";
		};
		["Left Leg"] = {
			cf = cfr(-.146,.284,.094,.746,.056,.663,-.115,.992,.045,-.656,-.11,.747);
			es = "Linear";
			ed = "In";
		};
		["Right Leg"] = {
			cf = cfr(.17,.185,.02,.963,.2,-.179,-.151,.955,.255,.222,-.219,.95);
			es = "Linear";
			ed = "In";
		};
		};
	{
		tm = 1.1;
		["Torso"] = {
			cf = cfr(-.018,-.05,-.246,.936,.35,-.038,-.352,.93,-.107,-.002,.113,.994);
			es = "Linear";
			ed = "In";
		};
		["Left Leg"] = {
			cf = cfr(-.143,.281,.092,.747,.058,.662,-.116,.992,.045,-.654,-.111,.748);
			es = "Linear";
			ed = "In";
		};
		["Right Leg"] = {
			cf = cfr(.17,.185,.019,.963,.202,-.179,-.152,.954,.256,.223,-.219,.95);
			es = "Linear";
			ed = "In";
		};
		};
	{
		tm = 1.117;
		["Torso"] = {
			cf = cfr(-.016,-.043,-.247,.936,.349,-.037,-.351,.931,-.104,-.001,.11,.994);
			es = "Linear";
			ed = "In";
		};
		["Left Leg"] = {
			cf = cfr(-.141,.277,.09,.749,.059,.66,-.118,.992,.045,-.652,-.112,.75);
			es = "Linear";
			ed = "In";
		};
		["Right Leg"] = {
			cf = cfr(.17,.184,.019,.962,.204,-.18,-.154,.954,.257,.224,-.22,.95);
			es = "Linear";
			ed = "In";
		};
		};
	{
		tm = 1.133;
		["Torso"] = {
			cf = cfr(-.014,-.037,-.247,.937,.348,-.036,-.35,.931,-.101,-.001,.107,.994);
			es = "Linear";
			ed = "In";
		};
		["Left Leg"] = {
			cf = cfr(-.138,.274,.088,.75,.061,.659,-.12,.992,.045,-.651,-.113,.751);
			es = "Linear";
			ed = "In";
		};
		["Right Leg"] = {
			cf = cfr(.17,.184,.018,.962,.206,-.18,-.156,.953,.258,.225,-.22,.949);
			es = "Linear";
			ed = "In";
		};
		};
	{
		tm = 1.15;
		["Torso"] = {
			cf = cfr(-.012,-.032,-.248,.937,.347,-.035,-.349,.932,-.098,-.001,.104,.995);
			es = "Linear";
			ed = "In";
		};
		["Left Leg"] = {
			cf = cfr(-.136,.271,.086,.751,.062,.658,-.121,.992,.045,-.649,-.113,.752);
			es = "Linear";
			ed = "In";
		};
		["Right Leg"] = {
			cf = cfr(.17,.184,.017,.961,.208,-.18,-.157,.953,.259,.226,-.221,.949);
			es = "Linear";
			ed = "In";
		};
		};
	{
		tm = 1.167;
		["Torso"] = {
			cf = cfr(-.01,-.027,-.248,.938,.346,-.034,-.348,.933,-.095,-.001,.101,.995);
			es = "Linear";
			ed = "In";
		};
		["Head"] = {
			cf = cfr(.021,-.045,-.008,.9,-.41,.146,.432,.884,-.181,-.055,.226,.973);
			es = "Linear";
			ed = "In";
		};
		["Left Leg"] = {
			cf = cfr(-.134,.268,.085,.752,.064,.657,-.123,.991,.045,-.648,-.114,.753);
			es = "Linear";
			ed = "In";
		};
		["Right Arm"] = {
			cf = cfr(.124,-.732,.41,-.255,-.18,-.95,.104,-.982,.158,-.961,-.059,.269);
			es = "Linear";
			ed = "In";
		};
		["Scythe"] = {
			cf = cfr(-.003,0,-.031,.995,.007,.098,-.006,1,-.008,-.098,.008,.995);
			es = "Linear";
			ed = "In";
		};
		["Left Arm"] = {
			cf = cfr(-.075,-.27,.023,.964,.205,-.167,-.196,.978,.069,.178,-.034,.984);
			es = "Linear";
			ed = "In";
		};
		["Right Leg"] = {
			cf = cfr(.171,.183,.016,.961,.209,-.181,-.158,.953,.26,.226,-.221,.949);
			es = "Linear";
			ed = "In";
		};
		};
	{
		tm = 1.183;
		["Torso"] = {
			cf = cfr(-.008,-.022,-.248,.938,.345,-.034,-.347,.933,-.093,-.001,.099,.995);
			es = "Linear";
			ed = "In";
		};
		["Left Leg"] = {
			cf = cfr(-.132,.265,.083,.752,.065,.655,-.124,.991,.045,-.647,-.115,.754);
			es = "Linear";
			ed = "In";
		};
		["Right Leg"] = {
			cf = cfr(.171,.183,.015,.961,.211,-.181,-.16,.952,.261,.227,-.222,.948);
			es = "Linear";
			ed = "In";
		};
		};
	{
		tm = 1.2;
		["Torso"] = {
			cf = cfr(-.006,-.017,-.249,.938,.344,-.033,-.346,.934,-.091,-.001,.096,.995);
			es = "Linear";
			ed = "In";
		};
		["Left Leg"] = {
			cf = cfr(-.13,.263,.082,.753,.066,.654,-.126,.991,.045,-.646,-.116,.755);
			es = "Linear";
			ed = "In";
		};
		["Right Leg"] = {
			cf = cfr(.171,.183,.015,.96,.212,-.181,-.161,.952,.262,.228,-.222,.948);
			es = "Linear";
			ed = "In";
		};
		};
	{
		tm = 1.217;
		["Torso"] = {
			cf = cfr(-.005,-.013,-.249,.939,.343,-.032,-.345,.934,-.089,0,.094,.996);
			es = "Linear";
			ed = "In";
		};
		["Left Leg"] = {
