-- // converted using mech's animoduler
local cfr = CFrame.new

return {
	{
		tm = 0;
		["Torso"] = {
			cf = cfr(0,0,0,1,0,0,0,.985,.174,0,-.174,.985);
			es = "Linear";
			ed = "In";
		};
		["Head"] = {
			cf = cfr(0,0,0,1,0,0,0,1,0,0,0,1);
			es = "Linear";
			ed = "In";
		};
		["Left Leg"] = {
			cf = cfr(0,0,0,.97,-.174,-.171,.171,.985,-.03,.174,0,.985);
			es = "Linear";
			ed = "In";
		};
		["Right Arm"] = {
			cf = cfr(-.318,-.546,.116,-.494,-.111,-.862,-.06,-.985,.16,-.867,.131,.481);
			es = "Linear";
			ed = "In";
		};
		["Scythe"] = {
			cf = cfr(0,0,0,.944,.012,.331,0,.999,-.035,-.331,.033,.943);
			es = "Linear";
			ed = "In";
		};
		["Left Arm"] = {
			cf = cfr(0,0,0,.985,0,-.174,.03,.985,.171,.171,-.174,.97);
			es = "Linear";
			ed = "In";
		};
		["Right Leg"] = {
			cf = cfr(.906,.734,0,.925,.342,-.163,-.337,.94,.059,.174,0,.985);
			es = "Linear";
			ed = "In";
		};
	};
	{
		tm = .3;
		["Torso"] = {
			cf = cfr(0,0,0,1,0,0,0,.985,-.174,0,.174,.985);
			es = "Linear";
			ed = "In";
		};
		["Head"] = {
			cf = cfr(0,0,0,1,0,0,0,1,0,0,0,1);
			es = "Linear";
			ed = "In";
		};
		["Left Leg"] = {
			cf = cfr(-.457,.326,.069,.925,-.174,.337,.163,.985,.059,-.342,0,.94);
			es = "Linear";
			ed = "In";
		};
		["Left Arm"] = {
			cf = cfr(0,0,0,.985,0,.174,-.059,.94,.337,-.163,-.342,.925);
			es = "Linear";
			ed = "In";
		};
		["Right Leg"] = {
			cf = cfr(.495,-.393,0,.883,.342,-.321,-.321,.94,.117,.342,0,.94);
			es = "Linear";
			ed = "In";
		};
	};
	{
		tm = .6;
		["Torso"] = {
			cf = cfr(0,0,0,1,0,0,0,.985,-.174,0,.174,.985);
			es = "Linear";
			ed = "In";
		};
		["Head"] = {
			cf = cfr(0,0,0,1,0,0,0,1,0,0,0,1);
			es = "Linear";
			ed = "In";
		};
		["Left Leg"] = {
			cf = cfr(-.457,.326,.069,.925,-.174,.337,.163,.985,.059,-.342,0,.94);
			es = "Linear";
			ed = "In";
		};
		["Right Arm"] = {
			cf = cfr(-.318,-.546,.116,-.494,-.111,-.862,-.06,-.985,.16,-.867,.131,.481);
			es = "Linear";
			ed = "In";
		};
		["Scythe"] = {
			cf = cfr(0,0,0,.944,.012,.331,0,.999,-.035,-.331,.033,.943);
			es = "Linear";
			ed = "In";
		};
		["Left Arm"] = {
			cf = cfr(0,0,0,.985,0,.174,-.059,.94,.337,-.163,-.342,.925);
			es = "Linear";
			ed = "In";
		};
		["Right Leg"] = {
			cf = cfr(.495,-.393,0,.883,.342,-.321,-.321,.94,.117,.342,0,.94);
			es = "Linear";
			ed = "In";
		};
	};
}