-- // converted using mech's animoduler
local cfr = CFrame.new

return {
	{
		tm = 0;
		["Torso"] = {
			cf = cfr(0,0,0,1,0,0,0,.993,-.114,0,.114,.993);
			es = "Linear";
			ed = "In";
		};
		["Head"] = {
			cf = cfr(0,0,0,1,0,0,0,.984,-.178,0,.178,.984);
			es = "Linear";
			ed = "In";
		};
		["Left Leg"] = {
			cf = cfr(0,0,0,.976,-.22,0,.22,.976,0,0,0,1);
			es = "Linear";
			ed = "In";
		};
		["Right Arm"] = {
			cf = cfr(-.318,-.546,.116,-.494,-.111,-.862,-.06,-.985,.16,-.867,.131,.481);
			es = "Linear";
			ed = "In";
		};
		["Scythe"] = {
			cf = cfr(0,0,0,.944,.012,.331,0,.999,-.035,-.331,.033,.943);
			es = "Linear";
			ed = "In";
		};
		["Left Arm"] = {
			cf = cfr(0,0,0,.963,.151,-.223,-.155,.988,0,.221,.035,.975);
			es = "Linear";
			ed = "In";
		};
		["Right Leg"] = {
			cf = cfr(.473,.31,0,.993,.119,0,-.119,.993,0,0,0,1);
			es = "Linear";
			ed = "In";
		};
	};
	{
		tm = .1;
		["Torso"] = {
			cf = cfr(0,0,0,.995,-.102,0,.101,.988,-.114,.012,.113,.993);
			es = "Linear";
			ed = "In";
		};
		["Head"] = {
			cf = cfr(0,0,0,.994,.107,-.004,-.106,.972,-.211,-.019,.21,.977);
			es = "Linear";
			ed = "In";
		};
		["Left Leg"] = {
			cf = cfr(.135,-.001,.014,.814,-.571,-.104,.577,.815,.044,.06,-.096,.994);
			es = "Linear";
			ed = "In";
		};
		["Right Arm"] = {
			cf = cfr(-.318,-.546,.116,-.557,-.148,-.817,.03,-.987,.158,-.83,.064,.554);
			es = "Linear";
			ed = "In";
		};
		["Scythe"] = {
			cf = cfr(0,0,0,.905,.039,.424,.012,.993,-.118,-.426,.112,.898);
			es = "Linear";
			ed = "In";
		};
		["Left Arm"] = {
			cf = cfr(-.021,.005,-.011,.862,.276,-.425,-.227,.96,.164,.453,-.045,.89);
			es = "Linear";
			ed = "In";
		};
		["Right Leg"] = {
			cf = cfr(.473,.31,0,.944,-.322,-.077,.326,.944,.047,.057,-.069,.996);
			es = "Linear";
			ed = "In";
		};
	};
	{
		tm = .2;
		["Torso"] = {
			cf = cfr(0,0,0,.999,-.054,.002,.054,.986,-.158,.006,.158,.987);
			es = "Linear";
			ed = "In";
		};
		["Head"] = {
			cf = cfr(0,0,0,.999,.049,-.002,-.048,.984,-.169,-.007,.169,.986);
			es = "Linear";
			ed = "In";
		};
		["Left Leg"] = {
			cf = cfr(-.407,.053,-.045,.723,-.683,-.104,.69,.723,.044,.045,-.104,.994);
			es = "Linear";
			ed = "In";
		};
		["Right Arm"] = {
			cf = cfr(-.29,-.583,.16,-.624,-.118,-.773,-.006,-.988,.156,-.782,.102,.615);
			es = "Linear";
			ed = "In";
		};
		["Scythe"] = {
			cf = cfr(0,-.01,-.001,.861,.015,.509,.023,.997,-.069,-.509,.072,.858);
			es = "Linear";
			ed = "In";
		};
		["Left Arm"] = {
			cf = cfr(.06,-.023,.033,.861,.324,-.392,-.3,.946,.123,.411,.012,.912);
			es = "Linear";
			ed = "In";
		};
		["Right Leg"] = {
			cf = cfr(.35,.041,-.038,.989,-.133,-.067,.134,.991,.009,.066,-.018,.998);
			es = "Linear";
			ed = "In";
		};
	};
	{
		tm = .3;
		["Torso"] = {
			cf = cfr(0,0,0,1,0,0,0,.993,-.114,0,.114,.993);
			es = "Linear";
			ed = "In";
		};
		["Head"] = {
			cf = cfr(0,0,0,1,0,0,0,.984,-.178,0,.178,.984);
			es = "Linear";
			ed = "In";
		};
		["Left Leg"] = {
			cf = cfr(-.773,.129,-.087,.633,-.767,-.104,.773,.633,.044,.032,-.108,.994);
			es = "Linear";
			ed = "In";
		};
		["Right Arm"] = {
			cf = cfr(-.311,-.585,.127,-.531,-.096,-.842,-.058,-.987,.15,-.845,.129,.519);
			es = "Linear";
			ed = "In";
		};
		["Scythe"] = {
			cf = cfr(0,-.01,-.001,.861,-.003,.509,.023,.999,-.034,-.509,.041,.86);
			es = "Linear";
			ed = "In";
		};
		["Left Arm"] = {
			cf = cfr(.06,-.023,.033,.985,.119,-.128,-.107,.99,.097,.139,-.082,.987);
			es = "Linear";
			ed = "In";
		};
		["Right Leg"] = {
			cf = cfr(-.081,-.005,-.041,1,-.023,-.017,.023,1,-.012,.018,.012,1);
			es = "Linear";
			ed = "In";
		};
	};
	{
		tm = .4;
		["Torso"] = {
			cf = cfr(0,0,0,.999,.048,-.002,-.048,.986,-.162,-.006,.162,.987);
			es = "Linear";
			ed = "In";
		};
		["Head"] = {
			cf = cfr(0,0,0,.999,-.043,.024,.048,.976,-.214,-.014,.215,.977);
			es = "Linear";
			ed = "In";
		};
		["Left Leg"] = {
			cf = cfr(-.652,.377,-.085,.991,-.082,-.104,.087,.995,.044,.1,-.053,.994);
			es = "Linear";
			ed = "In";
		};
		["Right Arm"] = {
			cf = cfr(-.318,-.546,.116,-.494,-.111,-.862,-.06,-.985,.16,-.867,.131,.481);
			es = "Linear";
			ed = "In";
		};
		["Scythe"] = {
			cf = cfr(0,0,0,.944,.012,.331,0,.999,-.035,-.331,.033,.943);
			es = "Linear";
			ed = "In";
		};
		["Left Arm"] = {
			cf = cfr(.06,-.023,.033,.913,-.134,.385,.124,.991,.052,-.388,0,.922);
			es = "Linear";
			ed = "In";
		};
		["Right Leg"] = {
			cf = cfr(-.217,.007,.019,.986,.142,-.086,-.147,.988,-.044,.079,.056,.995);
			es = "Linear";
			ed = "In";
		};
	};
	{
		tm = .5;
		["Torso"] = {
			cf = cfr(0,0,0,.999,-.038,.019,.041,.976,-.216,-.011,.216,.976);
			es = "Linear";
			ed = "In";
		};
		["Head"] = {
			cf = cfr(0,0,0,.999,.035,-.03,-.041,.971,-.235,.021,.236,.972);
			es = "Linear";
			ed = "In";
		};
		["Left Leg"] = {
			cf = cfr(-.876,.428,-.111,.905,.412,-.104,-.409,.911,.044,.113,.003,.994);
			es = "Linear";
			ed = "In";
		};
		["Right Arm"] = {
			cf = cfr(-.318,-.546,.116,-.557,-.148,-.817,.03,-.987,.158,-.83,.064,.554);
			es = "Linear";
			ed = "In";
		};
		["Scythe"] = {
			cf = cfr(0,0,0,.905,.039,.424,.012,.993,-.118,-.426,.112,.898);
			es = "Linear";
			ed = "In";
		};
		["Left Arm"] = {
			cf = cfr(.06,-.023,.033,.793,-.212,.571,.15,.977,.154,-.59,-.036,.806);
			es = "Linear";
			ed = "In";
		};
		["Right Leg"] = {
			cf = cfr(-.155,-.034,-.014,.879,.462,-.118,-.467,.884,-.013,.098,.067,.993);
			es = "Linear";
			ed = "In";
		};
	};
	{
		tm = .6;
		["Torso"] = {
			cf = cfr(0,0,0,1,-.011,.021,.016,.966,-.258,-.017,.258,.966);
			es = "Linear";
			ed = "In";
		};
		["Head"] = {
			cf = cfr(0,0,0,1,.006,-.018,-.009,.983,-.186,.017,.186,.982);
			es = "Linear";
			ed = "In";
		};
		["Left Leg"] = {
			cf = cfr(-1.147,.303,-.133,.957,.271,-.104,-.268,.962,.044,.112,-.014,.994);
			es = "Linear";
			ed = "In";
		};
		["Right Arm"] = {
			cf = cfr(-.29,-.583,.16,-.624,-.118,-.773,-.006,-.988,.156,-.782,.102,.615);
			es = "Linear";
			ed = "In";
		};
		["Scythe"] = {
			cf = cfr(0,-.01,-.001,.861,.015,.509,.023,.997,-.069,-.509,.072,.858);
			es = "Linear";
			ed = "In";
		};
		["Left Arm"] = {
			cf = cfr(.148,-.046,-.025,.868,.145,.475,-.21,.974,.087,-.45,-.175,.876);
			es = "Linear";
			ed = "In";
		};
		["Right Leg"] = {
			cf = cfr(.347,.002,.084,.752,.649,-.116,-.654,.757,-.006,.084,.08,.993);
			es = "Linear";
			ed = "In";
		};
	};
	{
		tm = .7;
		["Torso"] = {
			cf = cfr(0,0,0,1,-.006,.01,.008,.982,-.187,-.009,.187,.982);
			es = "Linear";
			ed = "In";
		};
		["Head"] = {
			cf = cfr(0,0,0,1,0,0,0,.984,-.178,0,.178,.984);
			es = "Linear";
			ed = "In";
		};
		["Left Leg"] = {
			cf = cfr(-.342,.03,-.037,.972,.211,-.104,-.208,.977,.044,.111,-.021,.994);
			es = "Linear";
			ed = "In";
		};
		["Right Arm"] = {
			cf = cfr(-.311,-.585,.127,-.531,-.096,-.842,-.058,-.987,.15,-.845,.129,.519);
			es = "Linear";
			ed = "In";
		};
		["Scythe"] = {
			cf = cfr(0,-.01,-.001,.861,-.003,.509,.023,.999,-.034,-.509,.041,.86);
			es = "Linear";
			ed = "In";
		};
		["Left Arm"] = {
			cf = cfr(-.045,-.085,-.045,.963,.229,-.14,-.2,.96,.195,.179,-.16,.971);
			es = "Linear";
			ed = "In";
		};
		["Right Leg"] = {
			cf = cfr(.431,.063,.109,.85,.498,-.172,-.501,.865,.025,.161,.065,.985);
			es = "Linear";
			ed = "In";
		};
	};
	{
		tm = .8;
		["Torso"] = {
			cf = cfr(0,0,0,1,0,0,0,.993,-.114,0,.114,.993);
			es = "Linear";
			ed = "In";
		};
		["Head"] = {
			cf = cfr(0,0,0,1,0,0,0,.984,-.178,0,.178,.984);
			es = "Linear";
			ed = "In";
		};
		["Left Leg"] = {
			cf = cfr(0,0,0,.976,-.22,0,.22,.976,0,0,0,1);
			es = "Linear";
			ed = "In";
		};
		["Right Arm"] = {
			cf = cfr(-.318,-.546,.116,-.494,-.111,-.862,-.06,-.985,.16,-.867,.131,.481);
			es = "Linear";
			ed = "In";
		};
		["Scythe"] = {
			cf = cfr(0,0,0,.944,.012,.331,0,.999,-.035,-.331,.033,.943);
			es = "Linear";
			ed = "In";
		};
		["Left Arm"] = {
			cf = cfr(0,0,0,.963,.151,-.223,-.155,.988,0,.221,.035,.975);
			es = "Linear";
			ed = "In";
		};
		["Right Leg"] = {
			cf = cfr(.473,.31,0,.993,.119,0,-.119,.993,0,0,0,1);
			es = "Linear";
			ed = "In";
		};
	};
}