-- // converted using mech's animoduler
local cfr = CFrame.new

return {
	{
		tm = 0;
		["Torso"] = {
			cf = cfr(.55,.9,-.219,.421,.903,-.087,-.906,.423,0,.037,.079,.996);
			es = "Quad";
			ed = "InOut";
		};
		["Head"] = {
			cf = cfr(0,-.001,0,.822,-.568,.045,.559,.789,-.255,.109,.235,.966);
			es = "Quad";
			ed = "InOut";
		};
		["Left Leg"] = {
			cf = cfr(-.33,.195,.139,.816,.03,.578,-.04,.999,.005,-.577,-.027,.816);
			es = "Quad";
			ed = "InOut";
		};
		["Right Arm"] = {
			cf = cfr(.432,-.862,.202,-.276,.047,-.96,.195,-.975,-.103,-.941,-.216,.26);
			es = "Quad";
			ed = "InOut";
		};
		["Scythe"] = {
			cf = cfr(0,-.15,0,.998,.055,.01,-.054,.996,-.067,-.013,.066,.998);
			es = "Quad";
			ed = "InOut";
		};
		["Left Arm"] = {
			cf = cfr(-.17,-.548,.251,-.402,.641,-.654,-.641,-.707,-.299,-.654,.299,.695);
			es = "Quad";
			ed = "InOut";
		};
		["Right Leg"] = {
			cf = cfr(.22,.26,.001,.881,-.055,-.469,.161,.969,.19,.444,-.243,.862);
			es = "Quad";
			ed = "InOut";
		};
		};
	{
		tm = .017;
		["Torso"] = {
			cf = cfr(.55,.9,-.219,.421,.903,-.087,-.906,.423,0,.037,.079,.996);
			es = "Linear";
			ed = "In";
		};
		["Head"] = {
			cf = cfr(0,-.001,0,.822,-.568,.045,.559,.789,-.255,.109,.235,.966);
			es = "Linear";
			ed = "In";
		};
		["Left Leg"] = {
			cf = cfr(-.33,.195,.139,.816,.03,.578,-.04,.999,.005,-.577,-.027,.816);
			es = "Linear";
			ed = "In";
		};
		["Right Arm"] = {
			cf = cfr(.432,-.862,.202,-.276,.047,-.96,.195,-.975,-.103,-.941,-.216,.26);
			es = "Linear";
			ed = "In";
		};
		["Scythe"] = {
			cf = cfr(0,-.15,0,.998,.055,.01,-.054,.996,-.067,-.013,.066,.998);
			es = "Linear";
			ed = "In";
		};
		["Left Arm"] = {
			cf = cfr(-.17,-.548,.251,-.402,.641,-.654,-.641,-.707,-.299,-.654,.299,.695);
			es = "Linear";
			ed = "In";
		};
		["Right Leg"] = {
			cf = cfr(.22,.26,.001,.881,-.055,-.469,.161,.969,.19,.444,-.243,.862);
			es = "Linear";
			ed = "In";
		};
		};
	{
		tm = .033;
		["Torso"] = {
			cf = cfr(.55,.9,-.219,.421,.903,-.087,-.906,.423,0,.037,.079,.996);
			es = "Linear";
			ed = "In";
		};
		["Head"] = {
			cf = cfr(0,-.001,0,.822,-.568,.045,.559,.789,-.255,.109,.235,.966);
			es = "Linear";
			ed = "In";
		};
		["Left Leg"] = {
			cf = cfr(-.33,.195,.139,.816,.03,.578,-.04,.999,.005,-.577,-.027,.816);
			es = "Linear";
			ed = "In";
		};
		["Right Arm"] = {
			cf = cfr(.432,-.862,.202,-.276,.047,-.96,.195,-.975,-.103,-.941,-.216,.26);
			es = "Linear";
			ed = "In";
		};
		["Scythe"] = {
			cf = cfr(0,-.15,0,.998,.055,.01,-.054,.996,-.067,-.013,.066,.998);
			es = "Linear";
			ed = "In";
		};
		["Left Arm"] = {
			cf = cfr(-.17,-.548,.251,-.402,.641,-.654,-.641,-.707,-.299,-.654,.299,.695);
			es = "Linear";
			ed = "In";
		};
		["Right Leg"] = {
			cf = cfr(.22,.26,.001,.881,-.055,-.469,.161,.969,.19,.444,-.243,.862);
			es = "Linear";
			ed = "In";
		};
		};
	{
		tm = .05;
		["Torso"] = {
			cf = cfr(.55,.899,-.219,.421,.903,-.087,-.906,.423,0,.037,.079,.996);
			es = "Linear";
			ed = "In";
		};
		["Head"] = {
			cf = cfr(0,-.001,0,.822,-.568,.045,.56,.789,-.255,.109,.235,.966);
			es = "Linear";
			ed = "In";
		};
		["Left Leg"] = {
			cf = cfr(-.33,.195,.139,.816,.03,.577,-.04,.999,.004,-.577,-.027,.816);
			es = "Linear";
			ed = "In";
		};
		["Right Arm"] = {
			cf = cfr(.432,-.862,.202,-.276,.047,-.96,.195,-.975,-.103,-.941,-.216,.26);
			es = "Linear";
			ed = "In";
		};
		["Scythe"] = {
			cf = cfr(0,-.15,0,.998,.055,.01,-.054,.996,-.067,-.013,.066,.998);
			es = "Linear";
			ed = "In";
		};
		["Left Arm"] = {
			cf = cfr(-.17,-.548,.251,-.402,.64,-.654,-.64,-.708,-.299,-.654,.299,.695);
			es = "Linear";
			ed = "In";
		};
		["Right Leg"] = {
			cf = cfr(.22,.26,.001,.881,-.055,-.469,.161,.969,.19,.444,-.243,.862);
			es = "Linear";
			ed = "In";
		};
		};
	{
		tm = .067;
		["Torso"] = {
			cf = cfr(.55,.898,-.219,.421,.903,-.088,-.906,.423,0,.037,.08,.996);
			es = "Linear";
			ed = "In";
		};
		["Head"] = {
			cf = cfr(0,-.001,0,.821,-.568,.045,.56,.788,-.255,.11,.235,.966);
			es = "Linear";
			ed = "In";
		};
		["Left Leg"] = {
			cf = cfr(-.33,.195,.139,.816,.03,.577,-.04,.999,.004,-.577,-.027,.816);
			es = "Linear";
			ed = "In";
		};
		["Right Arm"] = {
			cf = cfr(.432,-.862,.202,-.276,.047,-.96,.195,-.975,-.103,-.941,-.215,.26);
			es = "Linear";
			ed = "In";
		};
		["Scythe"] = {
			cf = cfr(0,-.15,0,.998,.055,.009,-.054,.996,-.067,-.013,.066,.998);
			es = "Linear";
			ed = "In";
		};
		["Left Arm"] = {
			cf = cfr(-.17,-.548,.251,-.402,.64,-.655,-.64,-.708,-.298,-.655,.299,.694);
			es = "Linear";
			ed = "In";
		};
		["Right Leg"] = {
			cf = cfr(.22,.26,.002,.881,-.055,-.469,.161,.969,.19,.444,-.243,.862);
			es = "Linear";
			ed = "In";
		};
		};
	{
		tm = .083;
		["Torso"] = {
			cf = cfr(.549,.898,-.219,.421,.903,-.088,-.906,.423,-.001,.036,.08,.996);
			es = "Linear";
			ed = "In";
		};
		["Head"] = {
			cf = cfr(0,-.001,0,.821,-.569,.045,.56,.788,-.255,.11,.235,.966);
			es = "Linear";
			ed = "In";
		};
		["Left Leg"] = {
			cf = cfr(-.33,.195,.139,.816,.03,.577,-.04,.999,.004,-.577,-.027,.816);
			es = "Linear";
			ed = "In";
		};
		["Right Arm"] = {
			cf = cfr(.433,-.862,.202,-.276,.046,-.96,.195,-.975,-.103,-.941,-.215,.26);
			es = "Linear";
			ed = "In";
		};
		["Scythe"] = {
			cf = cfr(0,-.15,0,.998,.055,.009,-.054,.996,-.067,-.013,.066,.998);
			es = "Linear";
			ed = "In";
		};
		["Left Arm"] = {
			cf = cfr(-.17,-.548,.251,-.402,.639,-.655,-.64,-.708,-.298,-.655,.299,.694);
			es = "Linear";
			ed = "In";
		};
		["Right Leg"] = {
			cf = cfr(.221,.261,.002,.881,-.055,-.469,.161,.969,.19,.444,-.243,.862);
			es = "Linear";
			ed = "In";
		};
		};
	{
		tm = .1;
		["Torso"] = {
			cf = cfr(.549,.897,-.219,.421,.903,-.088,-.906,.422,-.001,.036,.08,.996);
			es = "Linear";
			ed = "In";
		};
		["Head"] = {
			cf = cfr(0,-.001,0,.821,-.569,.045,.56,.788,-.255,.11,.235,.966);
			es = "Linear";
			ed = "In";
		};
		["Left Leg"] = {
			cf = cfr(-.33,.196,.139,.816,.031,.577,-.04,.999,.004,-.577,-.026,.816);
			es = "Linear";
			ed = "In";
		};
		["Right Arm"] = {
			cf = cfr(.433,-.862,.202,-.276,.046,-.96,.194,-.976,-.103,-.941,-.215,.26);
			es = "Linear";
			ed = "In";
		};
		["Scythe"] = {
			cf = cfr(0,-.15,0,.998,.055,.009,-.054,.996,-.067,-.013,.066,.998);
			es = "Linear";
			ed = "In";
		};
		["Left Arm"] = {
			cf = cfr(-.17,-.548,.251,-.402,.638,-.656,-.639,-.709,-.298,-.655,.3,.693);
			es = "Linear";
			ed = "In";
		};
		["Right Leg"] = {
			cf = cfr(.221,.261,.002,.881,-.055,-.469,.161,.969,.19,.444,-.243,.862);
			es = "Linear";
			ed = "In";
		};
		};
	{
		tm = .117;
		["Torso"] = {
			cf = cfr(.548,.896,-.219,.421,.903,-.089,-.906,.422,-.002,.036,.081,.996);
			es = "Linear";
			ed = "In";
		};
		["Head"] = {
			cf = cfr(0,-.001,0,.821,-.569,.045,.56,.788,-.256,.11,.235,.966);
			es = "Linear";
			ed = "In";
		};
		["Left Leg"] = {
			cf = cfr(-.33,.196,.139,.816,.031,.577,-.04,.999,.004,-.577,-.026,.816);
			es = "Linear";
			ed = "In";
		};
		["Right Arm"] = {
			cf = cfr(.433,-.862,.202,-.275,.046,-.96,.194,-.976,-.103,-.942,-.215,.26);
			es = "Linear";
			ed = "In";
		};
		["Scythe"] = {
			cf = cfr(0,-.15,0,.998,.055,.008,-.054,.996,-.067,-.012,.066,.998);
			es = "Linear";
			ed = "In";
		};
		["Left Arm"] = {
			cf = cfr(-.17,-.548,.251,-.402,.637,-.657,-.639,-.71,-.298,-.656,.3,.693);
			es = "Linear";
			ed = "In";
		};
		["Right Leg"] = {
			cf = cfr(.222,.261,.002,.881,-.055,-.469,.161,.969,.19,.444,-.243,.862);
			es = "Linear";
			ed = "In";
		};
		};
	{
		tm = .133;
		["Torso"] = {
			cf = cfr(.548,.894,-.219,.421,.903,-.089,-.906,.422,-.002,.036,.082,.996);
			es = "Linear";
			ed = "In";
		};
		["Head"] = {
			cf = cfr(0,-.001,0,.821,-.569,.045,.56,.788,-.256,.11,.235,.966);
			es = "Linear";
			ed = "In";
		};
		["Left Leg"] = {
			cf = cfr(-.33,.196,.139,.816,.031,.577,-.041,.999,.003,-.577,-.026,.816);
			es = "Linear";
			ed = "In";
		};
		["Right Arm"] = {
			cf = cfr(.433,-.862,.202,-.275,.046,-.96,.194,-.976,-.102,-.942,-.214,.26);
			es = "Linear";
			ed = "In";
		};
		["Scythe"] = {
			cf = cfr(0,-.15,0,.998,.055,.008,-.054,.996,-.067,-.012,.066,.998);
			es = "Linear";
			ed = "In";
		};
		["Left Arm"] = {
			cf = cfr(-.17,-.548,.251,-.403,.636,-.658,-.638,-.711,-.297,-.657,.3,.692);
			es = "Linear";
			ed = "In";
		};
		["Right Leg"] = {
			cf = cfr(.222,.261,.003,.881,-.055,-.469,.161,.969,.19,.444,-.243,.862);
			es = "Linear";
			ed = "In";
		};
		};
	{
		tm = .15;
		["Torso"] = {
			cf = cfr(.547,.893,-.219,.421,.903,-.09,-.906,.422,-.002,.036,.082,.996);
			es = "Linear";
			ed = "In";
		};
		["Head"] = {
			cf = cfr(0,-.001,0,.821,-.57,.045,.561,.787,-.256,.11,.236,.966);
			es = "Linear";
			ed = "In";
		};
		["Left Leg"] = {
			cf = cfr(-.33,.197,.139,.816,.032,.577,-.041,.999,.003,-.577,-.026,.817);
			es = "Linear";
			ed = "In";
		};
		["Right Arm"] = {
			cf = cfr(.433,-.862,.202,-.275,.046,-.96,.193,-.976,-.102,-.942,-.214,.26);
			es = "Linear";
			ed = "In";
		};
		["Scythe"] = {
			cf = cfr(0,-.15,0,.998,.055,.008,-.055,.996,-.067,-.011,.066,.998);
			es = "Linear";
			ed = "In";
		};
		["Left Arm"] = {
			cf = cfr(-.17,-.548,.251,-.403,.635,-.659,-.637,-.711,-.297,-.657,.3,.691);
			es = "Linear";
			ed = "In";
		};
		["Right Leg"] = {
			cf = cfr(.223,.261,.003,.881,-.055,-.469,.161,.969,.19,.444,-.243,.862);
			es = "Linear";
			ed = "In";
		};
		};
	{
		tm = .167;
		["Torso"] = {
			cf = cfr(.547,.891,-.219,.421,.903,-.09,-.906,.422,-.003,.035,.083,.996);
			es = "Linear";
			ed = "In";
		};
		["Head"] = {
			cf = cfr(0,-.001,0,.82,-.57,.045,.561,.787,-.257,.111,.236,.965);
			es = "Linear";
			ed = "In";
		};
		["Left Leg"] = {
			cf = cfr(-.33,.197,.139,.816,.032,.577,-.041,.999,.002,-.577,-.026,.817);
			es = "Linear";
			ed = "In";
		};
		["Right Arm"] = {
			cf = cfr(.433,-.862,.202,-.275,.046,-.96,.193,-.976,-.102,-.942,-.213,.26);
			es = "Linear";
			ed = "In";
		};
		["Scythe"] = {
			cf = cfr(0,-.15,0,.998,.055,.007,-.055,.996,-.067,-.011,.066,.998);
			es = "Linear";
			ed = "In";
		};
		["Left Arm"] = {
			cf = cfr(-.17,-.548,.251,-.403,.634,-.66,-.636,-.712,-.296,-.658,.301,.69);
			es = "Linear";
			ed = "In";
		};
		["Right Leg"] = {
			cf = cfr(.224,.261,.004,.881,-.055,-.469,.161,.969,.19,.444,-.243,.862);
			es = "Linear";
			ed = "In";
		};
		};
	{
		tm = .183;
		["Torso"] = {
			cf = cfr(.546,.889,-.219,.421,.903,-.091,-.907,.422,-.004,.035,.084,.996);
			es = "Linear";
			ed = "In";
		};
		["Head"] = {
			cf = cfr(0,-.001,0,.82,-.57,.045,.561,.787,-.257,.111,.236,.965);
			es = "Linear";
			ed = "In";
		};
		["Left Leg"] = {
			cf = cfr(-.33,.197,.139,.816,.032,.577,-.041,.999,.002,-.577,-.025,.817);
			es = "Linear";
			ed = "In";
		};
		["Right Arm"] = {
			cf = cfr(.433,-.862,.202,-.275,.046,-.96,.193,-.976,-.101,-.942,-.213,.26);
			es = "Linear";
			ed = "In";
		};
		["Scythe"] = {
			cf = cfr(0,-.15,0,.998,.055,.007,-.055,.996,-.067,-.01,.066,.998);
			es = "Linear";
			ed = "In";
		};
		["Left Arm"] = {
			cf = cfr(-.17,-.548,.251,-.403,.633,-.662,-.635,-.714,-.296,-.659,.301,.689);
			es = "Linear";
			ed = "In";
		};
		["Right Leg"] = {
			cf = cfr(.225,.261,.004,.881,-.055,-.469,.161,.969,.19,.444,-.243,.862);
			es = "Linear";
			ed = "In";
		};
		};
	{
		tm = .2;
		["Torso"] = {
			cf = cfr(.545,.887,-.219,.421,.903,-.092,-.907,.422,-.004,.035,.085,.996);
			es = "Linear";
			ed = "In";
		};
		["Head"] = {
			cf = cfr(0,-.001,0,.82,-.571,.045,.562,.786,-.257,.111,.236,.965);
			es = "Linear";
			ed = "In";
		};
		["Left Leg"] = {
			cf = cfr(-.33,.198,.139,.816,.033,.577,-.041,.999,.001,-.577,-.025,.817);
			es = "Linear";
			ed = "In";
		};
		["Right Arm"] = {
			cf = cfr(.433,-.862,.202,-.275,.045,-.96,.192,-.976,-.101,-.942,-.212,.26);
			es = "Linear";
			ed = "In";
		};
		["Scythe"] = {
			cf = cfr(0,-.15,0,.998,.055,.006,-.055,.996,-.067,-.01,.066,.998);
			es = "Linear";
			ed = "In";
		};
		["Left Arm"] = {
			cf = cfr(-.17,-.548,.251,-.403,.631,-.663,-.634,-.715,-.295,-.66,.301,.688);
			es = "Linear";
			ed = "In";
		};
		["Right Leg"] = {
			cf = cfr(.225,.261,.005,.881,-.055,-.469,.161,.969,.19,.444,-.243,.862);
			es = "Linear";
			ed = "In";
		};
		};
	{
		tm = .217;
		["Torso"] = {
			cf = cfr(.544,.885,-.219,.421,.903,-.092,-.907,.422,-.005,.034,.086,.996);
			es = "Linear";
			ed = "In";
		};
		["Head"] = {
			cf = cfr(0,-.001,0,.82,-.571,.045,.562,.786,-.258,.112,.237,.965);
			es = "Linear";
			ed = "In";
		};
		["Left Leg"] = {
			cf = cfr(-.33,.198,.139,.816,.033,.577,-.042,.999,.001,-.577,-.025,.817);
			es = "Linear";
			ed = "In";
		};
		["Right Arm"] = {
			cf = cfr(.433,-.862,.202,-.275,.045,-.96,.192,-.976,-.101,-.942,-.212,.259);
			es = "Linear";
			ed = "In";
		};
		["Scythe"] = {
			cf = cfr(0,-.15,0,.998,.055,.005,-.055,.996,-.067,-.009,.066,.998);
			es = "Linear";
			ed = "In";
		};
		["Left Arm"] = {
			cf = cfr(-.17,-.548,.251,-.403,.629,-.665,-.633,-.716,-.294,-.661,.302,.687);
			es = "Linear";
			ed = "In";
		};
		["Right Leg"] = {
			cf = cfr(.226,.262,.005,.881,-.055,-.469,.161,.969,.19,.444,-.243,.862);
			es = "Linear";
			ed = "In";
		};
		};
	{
		tm = .233;
		["Torso"] = {
			cf = cfr(.543,.882,-.219,.421,.902,-.093,-.907,.422,-.006,.034,.087,.996);
			es = "Linear";
			ed = "In";
		};
		["Head"] = {
			cf = cfr(0,-.001,0,.819,-.572,.045,.562,.786,-.258,.112,.237,.965);
			es = "Linear";
			ed = "In";
		};
		["Left Leg"] = {
			cf = cfr(-.33,.199,.139,.816,.034,.577,-.042,.999,0,-.577,-.024,.817);
			es = "Linear";
			ed = "In";
		};
		["Right Arm"] = {
			cf = cfr(.433,-.862,.202,-.274,.045,-.961,.191,-.976,-.1,-.942,-.211,.259);
			es = "Linear";
			ed = "In";
		};
		["Scythe"] = {
			cf = cfr(0,-.15,0,.998,.055,.004,-.055,.996,-.067,-.008,.066,.998);
			es = "Linear";
			ed = "In";
		};
		["Left Arm"] = {
			cf = cfr(-.17,-.548,.251,-.403,.627,-.666,-.632,-.718,-.294,-.662,.302,.685);
			es = "Linear";
			ed = "In";
		};
		["Right Leg"] = {
			cf = cfr(.228,.262,.006,.881,-.055,-.469,.161,.969,.19,.444,-.243,.862);
			es = "Linear";
			ed = "In";
		};
		};
	{
		tm = .25;
		["Torso"] = {
			cf = cfr(.542,.88,-.219,.42,.902,-.094,-.907,.422,-.007,.033,.088,.996);
			es = "Linear";
			ed = "In";
		};
		["Head"] = {
			cf = cfr(0,-.001,0,.819,-.572,.045,.563,.785,-.259,.112,.237,.965);
			es = "Linear";
			ed = "In";
		};
		["Left Leg"] = {
			cf = cfr(-.33,.2,.139,.816,.035,.577,-.042,.999,0,-.577,-.024,.817);
			es = "Linear";
			ed = "In";
		};
		["Right Arm"] = {
			cf = cfr(.433,-.862,.202,-.274,.044,-.961,.191,-.977,-.1,-.943,-.21,.259);
			es = "Linear";
			ed = "In";
		};
		["Scythe"] = {
			cf = cfr(0,-.15,0,.998,.055,.004,-.055,.996,-.067,-.007,.066,.998);
			es = "Linear";
			ed = "In";
		};
		["Left Arm"] = {
			cf = cfr(-.17,-.548,.251,-.403,.625,-.668,-.63,-.719,-.293,-.664,.303,.684);
			es = "Linear";
			ed = "In";
		};
		["Right Leg"] = {
			cf = cfr(.229,.262,.006,.881,-.055,-.469,.161,.969,.19,.444,-.243,.862);
			es = "Linear";
			ed = "In";
		};
		};
	{
		tm = .267;
		["Torso"] = {
			cf = cfr(.541,.877,-.219,.42,.902,-.095,-.907,.422,-.008,.033,.09,.995);
			es = "Linear";
			ed = "In";
		};
		["Head"] = {
			cf = cfr(0,-.001,0,.819,-.573,.045,.563,.785,-.259,.113,.238,.965);
			es = "Linear";
			ed = "In";
		};
		["Left Leg"] = {
			cf = cfr(-.33,.2,.139,.816,.035,.577,-.042,.999,-.001,-.576,-.024,.817);
			es = "Linear";
			ed = "In";
		};
		["Right Arm"] = {
			cf = cfr(.433,-.862,.202,-.274,.044,-.961,.19,-.977,-.099,-.943,-.21,.259);
			es = "Linear";
			ed = "In";
		};
		["Scythe"] = {
			cf = cfr(0,-.15,0,.998,.055,.003,-.055,.996,-.067,-.007,.066,.998);
			es = "Linear";
			ed = "In";
		};
		["Left Arm"] = {
			cf = cfr(-.17,-.548,.251,-.403,.623,-.67,-.629,-.721,-.292,-.665,.303,.682);
			es = "Linear";
			ed = "In";
		};
		["Right Leg"] = {
			cf = cfr(.23,.262,.007,.881,-.055,-.469,.161,.969,.19,.444,-.243,.862);
			es = "Linear";
			ed = "In";
		};
		};
	{
		tm = .283;
		["Torso"] = {
			cf = cfr(.54,.874,-.219,.42,.902,-.096,-.907,.422,-.009,.032,.091,.995);
			es = "Linear";
			ed = "In";
		};
		["Head"] = {
			cf = cfr(0,-.001,0,.818,-.573,.046,.564,.784,-.26,.113,.238,.965);
			es = "Linear";
			ed = "In";
		};
		["Left Leg"] = {
			cf = cfr(-.33,.201,.139,.816,.036,.577,-.043,.999,-.002,-.576,-.023,.817);
			es = "Linear";
			ed = "In";
		};
		["Right Arm"] = {
			cf = cfr(.433,-.862,.202,-.274,.044,-.961,.189,-.977,-.099,-.943,-.209,.259);
			es = "Linear";
			ed = "In";
		};
		["Scythe"] = {
			cf = cfr(0,-.15,0,.998,.055,.002,-.055,.996,-.067,-.006,.066,.998);
			es = "Linear";
			ed = "In";
		};
		["Left Arm"] = {
			cf = cfr(-.17,-.548,.251,-.403,.621,-.672,-.627,-.723,-.291,-.666,.304,.681);
			es = "Linear";
			ed = "In";
		};
		["Right Leg"] = {
			cf = cfr(.231,.263,.008,.881,-.055,-.469,.161,.969,.19,.444,-.243,.862);
			es = "Linear";
			ed = "In";
		};
		};
	{
		tm = .3;
		["Torso"] = {
			cf = cfr(.539,.871,-.219,.42,.902,-.097,-.907,.421,-.01,.032,.092,.995);
			es = "Linear";
			ed = "In";
		};
		["Head"] = {
			cf = cfr(0,-.001,0,.818,-.574,.046,.564,.784,-.26,.114,.238,.964);
			es = "Linear";
			ed = "In";
		};
		["Left Leg"] = {
			cf = cfr(-.33,.202,.139,.816,.037,.577,-.043,.999,-.003,-.576,-.023,.817);
			es = "Linear";
			ed = "In";
		};
		["Right Arm"] = {
			cf = cfr(.433,-.862,.202,-.274,.043,-.961,.189,-.977,-.098,-.943,-.208,.259);
			es = "Linear";
			ed = "In";
		};
		["Scythe"] = {
			cf = cfr(0,-.15,0,.998,.055,.001,-.055,.996,-.067,-.005,.066,.998);
			es = "Linear";
			ed = "In";
		};
		["Left Arm"] = {
			cf = cfr(-.17,-.548,.251,-.404,.618,-.674,-.625,-.724,-.29,-.668,.305,.679);
			es = "Linear";
			ed = "In";
		};
		["Right Leg"] = {
			cf = cfr(.233,.263,.009,.881,-.055,-.469,.161,.969,.19,.444,-.243,.862);
			es = "Linear";
			ed = "In";
		};
		};
	{
		tm = .317;
		["Torso"] = {
			cf = cfr(.537,.868,-.219,.42,.902,-.098,-.907,.421,-.011,.031,.094,.995);
			es = "Linear";
			ed = "In";
		};
		["Head"] = {
			cf = cfr(0,-.001,0,.817,-.574,.046,.565,.783,-.261,.114,.239,.964);
			es = "Linear";
			ed = "In";
		};
		["Left Leg"] = {
			cf = cfr(-.33,.203,.139,.816,.038,.577,-.044,.999,-.003,-.576,-.022,.817);
			es = "Linear";
			ed = "In";
		};
		["Right Arm"] = {
			cf = cfr(.433,-.862,.202,-.273,.043,-.961,.188,-.977,-.097,-.943,-.207,.259);
			es = "Linear";
			ed = "In";
		};
		["Scythe"] = {
			cf = cfr(0,-.15,0,.998,.055,0,-.055,.996,-.067,-.004,.066,.998);
			es = "Linear";
			ed = "In";
		};
		["Left Arm"] = {
			cf = cfr(-.17,-.548,.251,-.404,.616,-.677,-.624,-.726,-.289,-.669,.305,.677);
			es = "Linear";
			ed = "In";
		};
		["Right Leg"] = {
			cf = cfr(.234,.263,.01,.881,-.055,-.469,.161,.969,.19,.444,-.243,.862);
			es = "Linear";
			ed = "In";
		};
		};
	{
		tm = .333;
		["Torso"] = {
			cf = cfr(.536,.864,-.219,.42,.902,-.1,-.907,.421,-.012,.031,.095,.995);
			es = "Linear";
			ed = "In";
		};
		["Head"] = {
			cf = cfr(0,-.001,0,.817,-.575,.046,.565,.782,-.261,.114,.239,.964);
			es = "Linear";
			ed = "In";
		};
		["Left Leg"] = {
			cf = cfr(-.33,.203,.139,.816,.038,.577,-.044,.999,-.004,-.576,-.022,.817);
			es = "Linear";
			ed = "In";
		};
		["Right Arm"] = {
			cf = cfr(.433,-.862,.202,-.273,.043,-.961,.187,-.978,-.097,-.944,-.206,.259);
			es = "Linear";
			ed = "In";
		};
		["Scythe"] = {
			cf = cfr(0,-.15,0,.998,.055,-.001,-.055,.996,-.067,-.003,.066,.998);
			es = "Linear";
			ed = "In";
		};
		["Left Arm"] = {
			cf = cfr(-.17,-.548,.251,-.404,.613,-.679,-.622,-.728,-.288,-.671,.306,.675);
			es = "Linear";
			ed = "In";
		};
		["Right Leg"] = {
			cf = cfr(.236,.264,.01,.881,-.055,-.469,.161,.969,.19,.444,-.243,.862);
			es = "Linear";
			ed = "In";
		};
		};
	{
		tm = .35;
		["Torso"] = {
			cf = cfr(.534,.861,-.219,.42,.902,-.101,-.907,.421,-.014,.03,.097,.995);
			es = "Linear";
			ed = "In";
		};
		["Head"] = {
			cf = cfr(0,-.001,0,.816,-.576,.046,.566,.782,-.262,.115,.24,.964);
			es = "Linear";
			ed = "In";
		};
		["Left Leg"] = {
			cf = cfr(-.329,.204,.139,.816,.039,.576,-.044,.999,-.005,-.576,-.021,.817);
			es = "Linear";
			ed = "In";
		};
		["Right Arm"] = {
			cf = cfr(.433,-.862,.202,-.273,.042,-.961,.186,-.978,-.096,-.944,-.205,.259);
			es = "Linear";
			ed = "In";
		};
		["Scythe"] = {
			cf = cfr(0,-.15,0,.998,.055,-.002,-.055,.996,-.066,-.001,.066,.998);
			es = "Linear";
			ed = "In";
		};
		["Left Arm"] = {
			cf = cfr(-.17,-.548,.251,-.404,.61,-.682,-.62,-.731,-.287,-.673,.307,.673);
			es = "Linear";
			ed = "In";
		};
		["Right Leg"] = {
			cf = cfr(.237,.264,.011,.881,-.055,-.469,.161,.969,.19,.444,-.243,.862);
			es = "Linear";
			ed = "In";
		};
		};
	{
		tm = .367;
		["Torso"] = {
			cf = cfr(.533,.857,-.219,.42,.902,-.102,-.907,.421,-.015,.03,.099,.995);
			es = "Linear";
			ed = "In";
		};
		["Head"] = {
			cf = cfr(0,-.001,0,.816,-.576,.046,.567,.781,-.263,.116,.24,.964);
			es = "Linear";
			ed = "In";
		};
		["Left Leg"] = {
			cf = cfr(-.329,.205,.139,.816,.04,.576,-.045,.999,-.006,-.576,-.021,.817);
			es = "Linear";
			ed = "In";
		};
		["Right Arm"] = {
			cf = cfr(.433,-.862,.202,-.273,.042,-.961,.185,-.978,-.095,-.944,-.204,.259);
			es = "Linear";
			ed = "In";
		};
		["Scythe"] = {
			cf = cfr(0,-.15,0,.998,.055,-.003,-.055,.996,-.066,0,.066,.998);
			es = "Linear";
			ed = "In";
		};
		["Left Arm"] = {
			cf = cfr(-.17,-.548,.251,-.404,.607,-.684,-.618,-.733,-.285,-.675,.307,.671);
			es = "Linear";
			ed = "In";
		};
		["Right Leg"] = {
			cf = cfr(.239,.264,.012,.881,-.055,-.469,.161,.969,.19,.444,-.243,.862);
			es = "Linear";
			ed = "In";
		};
		};
	{
		tm = .383;
		["Torso"] = {
			cf = cfr(.531,.853,-.219,.42,.902,-.103,-.907,.42,-.016,.029,.101,.994);
			es = "Linear";
			ed = "In";
		};
		["Head"] = {
			cf = cfr(0,-.001,0,.815,-.577,.046,.567,.78,-.263,.116,.241,.964);
			es = "Linear";
			ed = "In";
		};
		["Left Leg"] = {
			cf = cfr(-.329,.206,.139,.816,.041,.576,-.045,.999,-.007,-.576,-.02,.817);
			es = "Linear";
			ed = "In";
		};
		["Right Arm"] = {
			cf = cfr(.433,-.862,.202,-.272,.041,-.961,.185,-.978,-.094,-.944,-.203,.259);
			es = "Linear";
			ed = "In";
		};
		["Scythe"] = {
			cf = cfr(0,-.15,0,.998,.055,-.005,-.055,.996,-.066,.001,.066,.998);
			es = "Linear";
			ed = "In";
		};
		["Left Arm"] = {
			cf = cfr(-.17,-.548,.251,-.404,.604,-.687,-.615,-.735,-.284,-.677,.308,.669);
			es = "Linear";
			ed = "In";
		};
		["Right Leg"] = {
			cf = cfr(.241,.265,.013,.881,-.055,-.469,.161,.969,.19,.444,-.243,.862);
			es = "Linear";
			ed = "In";
		};
		};
	{
		tm = .4;
		["Torso"] = {
			cf = cfr(.53,.849,-.219,.42,.902,-.105,-.907,.42,-.018,.028,.103,.994);
			es = "Linear";
			ed = "In";
		};
		["Head"] = {
			cf = cfr(0,-.001,0,.815,-.578,.046,.568,.78,-.264,.117,.241,.963);
			es = "Linear";
			ed = "In";
		};
		["Left Leg"] = {
			cf = cfr(-.329,.207,.139,.816,.042,.576,-.046,.999,-.008,-.576,-.02,.817);
			es = "Linear";
			ed = "In";
		};
		["Right Arm"] = {
			cf = cfr(.433,-.862,.202,-.272,.041,-.961,.184,-.979,-.094,-.945,-.202,.259);
			es = "Linear";
			ed = "In";
		};
		["Scythe"] = {
			cf = cfr(0,-.15,0,.998,.055,-.006,-.055,.996,-.066,.002,.066,.998);
			es = "Linear";
			ed = "In";
		};
		["Left Arm"] = {
			cf = cfr(-.17,-.548,.251,-.404,.601,-.69,-.613,-.738,-.283,-.679,.309,.666);
			es = "Linear";
			ed = "In";
		};
		["Right Leg"] = {
			cf = cfr(.242,.265,.014,.881,-.055,-.469,.161,.969,.19,.444,-.243,.862);
			es = "Linear";
			ed = "In";
		};
		};
	{
		tm = .417;
		["Torso"] = {
			cf = cfr(.528,.844,-.219,.42,.901,-.106,-.907,.42,-.019,.027,.105,.994);
			es = "Linear";
			ed = "In";
		};
		["Head"] = {
			cf = cfr(0,-.001,0,.814,-.579,.046,.569,.779,-.265,.117,.242,.963);
			es = "Linear";
			ed = "In";
		};
		["Left Leg"] = {
			cf = cfr(-.329,.208,.139,.816,.043,.576,-.046,.999,-.009,-.576,-.019,.817);
			es = "Linear";
			ed = "In";
		};
		["Right Arm"] = {
			cf = cfr(.433,-.862,.202,-.272,.04,-.962,.183,-.979,-.093,-.945,-.201,.258);
			es = "Linear";
			ed = "In";
		};
		["Scythe"] = {
			cf = cfr(0,-.15,0,.998,.055,-.007,-.055,.996,-.066,.004,.066,.998);
			es = "Linear";
			ed = "In";
		};
		["Left Arm"] = {
			cf = cfr(-.17,-.548,.251,-.404,.597,-.693,-.611,-.74,-.281,-.681,.309,.664);
			es = "Linear";
			ed = "In";
		};
		["Right Leg"] = {
			cf = cfr(.244,.265,.016,.881,-.055,-.469,.161,.969,.19,.444,-.243,.862);
			es = "Linear";
			ed = "In";
		};
		};
	{
		tm = .433;
		["Torso"] = {
			cf = cfr(.526,.84,-.219,.42,.901,-.108,-.907,.42,-.021,.027,.107,.994);
			es = "Linear";
			ed = "In";
		};
		["Head"] = {
			cf = cfr(0,-.001,0,.814,-.58,.046,.569,.778,-.266,.118,.243,.963);
			es = "Linear";
			ed = "In";
		};
		["Left Leg"] = {
			cf = cfr(-.329,.209,.139,.816,.044,.576,-.047,.999,-.01,-.576,-.018,.817);
			es = "Linear";
			ed = "In";
		};
		["Right Arm"] = {
			cf = cfr(.433,-.862,.202,-.271,.04,-.962,.182,-.979,-.092,-.945,-.2,.258);
			es = "Linear";
			ed = "In";
		};
		["Scythe"] = {
			cf = cfr(0,-.15,0,.998,.055,-.009,-.056,.996,-.066,.005,.066,.998);
			es = "Linear";
			ed = "In";
		};
		["Left Arm"] = {
			cf = cfr(-.17,-.548,.251,-.404,.593,-.696,-.608,-.743,-.28,-.683,.31,.661);
			es = "Linear";
			ed = "In";
		};
		["Right Leg"] = {
			cf = cfr(.246,.266,.017,.881,-.055,-.469,.161,.969,.19,.444,-.243,.862);
			es = "Linear";
			ed = "In";
		};
		};
	{
		tm = .45;
		["Torso"] = {
			cf = cfr(.524,.835,-.219,.419,.901,-.11,-.907,.42,-.022,.026,.109,.994);
			es = "Linear";
			ed = "In";
		};
		["Head"] = {
			cf = cfr(-.001,-.001,0,.813,-.58,.046,.57,.777,-.267,.119,.243,.963);
			es = "Linear";
			ed = "In";
		};
		["Left Leg"] = {
			cf = cfr(-.329,.21,.139,.816,.045,.576,-.047,.999,-.012,-.576,-.018,.818);
			es = "Linear";
			ed = "In";
		};
		["Right Arm"] = {
			cf = cfr(.433,-.862,.202,-.271,.039,-.962,.181,-.979,-.091,-.946,-.198,.258);
			es = "Linear";
			ed = "In";
		};
		["Scythe"] = {
			cf = cfr(0,-.15,0,.998,.055,-.01,-.056,.996,-.066,.006,.066,.998);
			es = "Linear";
			ed = "In";
		};
		["Left Arm"] = {
			cf = cfr(-.17,-.548,.251,-.404,.59,-.699,-.606,-.745,-.278,-.685,.311,.659);
			es = "Linear";
			ed = "In";
		};
		["Right Leg"] = {
			cf = cfr(.249,.266,.018,.881,-.055,-.469,.161,.969,.19,.444,-.243,.862);
			es = "Linear";
			ed = "In";
		};
		};
	{
		tm = .467;
		["Torso"] = {
			cf = cfr(.522,.83,-.219,.419,.901,-.111,-.908,.419,-.024,.025,.111,.993);
			es = "Linear";
			ed = "In";
		};
		["Head"] = {
			cf = cfr(-.001,-.001,0,.812,-.581,.047,.571,.776,-.268,.119,.244,.962);
			es = "Linear";
			ed = "In";
		};
		["Left Leg"] = {
			cf = cfr(-.329,.212,.139,.816,.046,.576,-.048,.999,-.013,-.576,-.017,.818);
			es = "Linear";
			ed = "In";
		};
		["Right Arm"] = {
			cf = cfr(.433,-.862,.202,-.271,.039,-.962,.179,-.98,-.09,-.946,-.197,.258);
			es = "Linear";
			ed = "In";
		};
		["Scythe"] = {
			cf = cfr(0,-.15,0,.998,.055,-.012,-.056,.996,-.066,.008,.066,.998);
			es = "Linear";
			ed = "In";
		};
		["Left Arm"] = {
			cf = cfr(-.17,-.548,.251,-.404,.586,-.702,-.603,-.748,-.277,-.688,.312,.656);
			es = "Linear";
			ed = "In";
		};
		["Right Leg"] = {
			cf = cfr(.251,.267,.019,.881,-.055,-.469,.161,.969,.19,.444,-.243,.862);
			es = "Linear";
			ed = "In";
		};
		};
	{
		tm = .483;
		["Torso"] = {
			cf = cfr(.52,.825,-.219,.419,.901,-.113,-.908,.419,-.026,.024,.113,.993);
			es = "Linear";
			ed = "In";
		};
		["Head"] = {
			cf = cfr(-.001,-.001,0,.812,-.582,.047,.572,.775,-.269,.12,.245,.962);
			es = "Linear";
			ed = "In";
		};
		["Left Leg"] = {
			cf = cfr(-.329,.213,.139,.816,.048,.575,-.048,.999,-.014,-.575,-.016,.818);
			es = "Linear";
			ed = "In";
		};
		["Right Arm"] = {
			cf = cfr(.433,-.862,.202,-.27,.038,-.962,.178,-.98,-.089,-.946,-.196,.258);
			es = "Linear";
			ed = "In";
		};
		["Scythe"] = {
			cf = cfr(0,-.15,0,.998,.055,-.013,-.056,.996,-.066,.009,.066,.998);
			es = "Linear";
			ed = "In";
		};
		["Left Arm"] = {
			cf = cfr(-.17,-.548,.251,-.404,.582,-.706,-.6,-.751,-.275,-.69,.313,.653);
			es = "Linear";
			ed = "In";
		};
		["Right Leg"] = {
			cf = cfr(.253,.267,.021,.881,-.055,-.469,.161,.969,.19,.444,-.243,.862);
			es = "Linear";
			ed = "In";
		};
		};
	{
		tm = .5;
		["Torso"] = {
			cf = cfr(.518,.82,-.219,.419,.901,-.115,-.908,.419,-.028,.023,.116,.993);
			es = "Linear";
			ed = "In";
		};
		["Head"] = {
			cf = cfr(-.001,-.001,0,.811,-.583,.047,.573,.774,-.269,.121,.245,.962);
			es = "Linear";
			ed = "In";
		};
		["Left Leg"] = {
			cf = cfr(-.328,.214,.14,.816,.049,.575,-.049,.999,-.015,-.575,-.016,.818);
			es = "Linear";
			ed = "In";
		};
		["Right Arm"] = {
			cf = cfr(.433,-.862,.202,-.27,.038,-.962,.177,-.98,-.088,-.946,-.194,.258);
			es = "Linear";
			ed = "In";
		};
		["Scythe"] = {
			cf = cfr(0,-.15,0,.998,.055,-.015,-.056,.996,-.066,.011,.066,.998);
			es = "Linear";
			ed = "In";
		};
		["Left Arm"] = {
			cf = cfr(-.17,-.548,.251,-.404,.577,-.709,-.597,-.754,-.273,-.692,.313,.65);
			es = "Linear";
			ed = "In";
		};
		["Right Leg"] = {
			cf = cfr(.255,.267,.022,.881,-.055,-.469,.161,.969,.19,.444,-.243,.862);
			es = "Linear";
			ed = "In";
		};
		};
	{
		tm = .517;
		["Torso"] = {
			cf = cfr(.516,.814,-.219,.419,.9,-.117,-.908,.419,-.03,.022,.118,.993);
			es = "Linear";
			ed = "In";
		};
		["Head"] = {
			cf = cfr(-.001,-.001,0,.81,-.584,.047,.573,.773,-.27,.122,.246,.962);
			es = "Linear";
			ed = "In";
		};
		["Left Leg"] = {
			cf = cfr(-.328,.215,.14,.817,.05,.575,-.049,.999,-.017,-.575,-.015,.818);
			es = "Linear";
			ed = "In";
		};
		["Right Arm"] = {
			cf = cfr(.433,-.862,.202,-.269,.037,-.962,.176,-.981,-.087,-.947,-.193,.258);
			es = "Linear";
			ed = "In";
		};
		["Scythe"] = {
			cf = cfr(0,-.15,0,.998,.055,-.016,-.056,.996,-.066,.013,.066,.998);
			es = "Linear";
			ed = "In";
		};
		["Left Arm"] = {
			cf = cfr(-.17,-.548,.251,-.404,.573,-.713,-.594,-.757,-.271,-.695,.314,.647);
			es = "Linear";
			ed = "In";
		};
		["Right Leg"] = {
			cf = cfr(.258,.268,.023,.881,-.055,-.469,.161,.969,.19,.444,-.243,.862);
			es = "Linear";
			ed = "In";
		};
		};
	{
		tm = .533;
		["Torso"] = {
			cf = cfr(.514,.809,-.218,.419,.9,-.119,-.908,.418,-.031,.021,.121,.992);
			es = "Linear";
			ed = "In";
		};
		["Head"] = {
			cf = cfr(-.001,-.001,0,.809,-.585,.047,.574,.772,-.271,.123,.247,.961);
			es = "Linear";
			ed = "In";
		};
		["Left Leg"] = {
			cf = cfr(-.328,.217,.14,.817,.051,.575,-.05,.999,-.018,-.575,-.014,.818);
			es = "Linear";
			ed = "In";
		};
		["Right Arm"] = {
			cf = cfr(.433,-.862,.202,-.269,.036,-.962,.175,-.981,-.086,-.947,-.191,.258);
			es = "Linear";
			ed = "In";
		};
		["Scythe"] = {
			cf = cfr(0,-.15,0,.998,.055,-.018,-.056,.996,-.066,.014,.066,.998);
			es = "Linear";
			ed = "In";
		};
		["Left Arm"] = {
			cf = cfr(-.17,-.548,.251,-.404,.568,-.717,-.591,-.76,-.269,-.698,.315,.643);
			es = "Linear";
			ed = "In";
		};
		["Right Leg"] = {
			cf = cfr(.26,.268,.025,.881,-.055,-.469,.161,.969,.19,.444,-.243,.862);
			es = "Linear";
			ed = "In";
		};
		};
	{
		tm = .55;
		["Torso"] = {
			cf = cfr(.511,.803,-.218,.419,.9,-.121,-.908,.418,-.033,.02,.124,.992);
			es = "Linear";
			ed = "In";
		};
		["Head"] = {
			cf = cfr(-.001,-.001,0,.809,-.586,.047,.575,.771,-.273,.123,.248,.961);
			es = "Linear";
			ed = "In";
		};
		["Left Leg"] = {
			cf = cfr(-.328,.218,.14,.817,.053,.575,-.051,.999,-.02,-.575,-.013,.818);
			es = "Linear";
			ed = "In";
		};
		["Right Arm"] = {
			cf = cfr(.433,-.862,.202,-.269,.036,-.963,.173,-.981,-.085,-.948,-.19,.257);
			es = "Linear";
			ed = "In";
		};
		["Scythe"] = {
			cf = cfr(0,-.15,0,.998,.055,-.02,-.056,.996,-.065,.016,.066,.998);
			es = "Linear";
			ed = "In";
		};
		["Left Arm"] = {
			cf = cfr(-.17,-.548,.251,-.404,.563,-.72,-.588,-.763,-.267,-.7,.316,.64);
			es = "Linear";
			ed = "In";
		};
		["Right Leg"] = {
			cf = cfr(.263,.269,.026,.881,-.055,-.469,.161,.969,.19,.444,-.243,.862);
			es = "Linear";
			ed = "In";
		};
		};
	{
		tm = .567;
		["Torso"] = {
			cf = cfr(.509,.797,-.218,.419,.9,-.123,-.908,.418,-.035,.019,.126,.992);
			es = "Linear";
			ed = "In";
		};
		["Head"] = {
			cf = cfr(-.001,-.001,0,.808,-.588,.047,.576,.77,-.274,.124,.248,.961);
			es = "Linear";
			ed = "In";
		};
		["Left Leg"] = {
			cf = cfr(-.328,.219,.14,.817,.054,.575,-.051,.998,-.021,-.575,-.012,.818);
			es = "Linear";
			ed = "In";
		};
		["Right Arm"] = {
			cf = cfr(.433,-.862,.202,-.268,.035,-.963,.172,-.982,-.084,-.948,-.188,.257);
			es = "Linear";
			ed = "In";
		};
		["Scythe"] = {
			cf = cfr(0,-.15,0,.998,.055,-.022,-.056,.996,-.065,.018,.066,.998);
			es = "Linear";
			ed = "In";
		};
		["Left Arm"] = {
			cf = cfr(-.17,-.548,.251,-.404,.559,-.724,-.585,-.767,-.265,-.703,.317,.637);
			es = "Linear";
			ed = "In";
		};
		["Right Leg"] = {
			cf = cfr(.265,.27,.028,.881,-.055,-.469,.161,.969,.19,.444,-.243,.862);
			es = "Linear";
			ed = "In";
		};
		};
	{
		tm = .583;
		["Torso"] = {
			cf = cfr(.506,.791,-.218,.418,.9,-.125,-.908,.417,-.038,.018,.129,.991);
			es = "Linear";
			ed = "In";
		};
		["Head"] = {
			cf = cfr(-.001,-.001,0,.807,-.589,.048,.577,.769,-.275,.125,.249,.96);
			es = "Linear";
			ed = "In";
		};
		["Left Leg"] = {
			cf = cfr(-.328,.221,.14,.817,.056,.574,-.052,.998,-.023,-.575,-.011,.818);
			es = "Linear";
			ed = "In";
		};
		["Right Arm"] = {
			cf = cfr(.433,-.862,.202,-.268,.034,-.963,.171,-.982,-.082,-.948,-.186,.257);
			es = "Linear";
			ed = "In";
		};
		["Scythe"] = {
			cf = cfr(0,-.15,0,.998,.055,-.024,-.057,.996,-.065,.02,.066,.998);
			es = "Linear";
			ed = "In";
		};
		["Left Arm"] = {
			cf = cfr(-.17,-.548,.251,-.404,.553,-.728,-.582,-.77,-.262,-.706,.317,.633);
			es = "Linear";
			ed = "In";
		};
		["Right Leg"] = {
			cf = cfr(.268,.27,.029,.881,-.055,-.469,.161,.969,.19,.444,-.243,.862);
			es = "Linear";
			ed = "In";
		};
		};
	{
		tm = .6;
		["Torso"] = {
			cf = cfr(.504,.784,-.218,.418,.899,-.127,-.908,.417,-.04,.017,.132,.991);
			es = "Linear";
			ed = "In";
		};
		["Head"] = {
			cf = cfr(-.001,-.001,0,.806,-.59,.048,.578,.768,-.276,.126,.25,.96);
			es = "Linear";
			ed = "In";
		};
		["Left Leg"] = {
			cf = cfr(-.327,.222,.14,.817,.057,.574,-.053,.998,-.024,-.575,-.011,.818);
			es = "Linear";
			ed = "In";
		};
		["Right Arm"] = {
			cf = cfr(.433,-.862,.202,-.267,.034,-.963,.169,-.982,-.081,-.949,-.185,.257);
			es = "Linear";
			ed = "In";
		};
		["Scythe"] = {
			cf = cfr(0,-.15,0,.998,.055,-.025,-.057,.996,-.065,.022,.066,.998);
			es = "Linear";
			ed = "In";
		};
		["Left Arm"] = {
			cf = cfr(-.17,-.548,.251,-.404,.548,-.732,-.578,-.773,-.26,-.709,.318,.629);
			es = "Linear";
			ed = "In";
		};
		["Right Leg"] = {
			cf = cfr(.271,.271,.031,.881,-.055,-.469,.161,.969,.19,.444,-.243,.862);
			es = "Linear";
			ed = "In";
		};
		};
	{
		tm = .617;
		["Torso"] = {
			cf = cfr(.501,.778,-.218,.418,.899,-.129,-.908,.416,-.042,.016,.135,.991);
			es = "Linear";
			ed = "In";
		};
		["Head"] = {
			cf = cfr(-.001,-.001,0,.805,-.591,.048,.579,.767,-.277,.127,.251,.96);
			es = "Linear";
			ed = "In";
		};
		["Left Leg"] = {
			cf = cfr(-.327,.224,.14,.817,.059,.574,-.054,.998,-.026,-.575,-.01,.818);
			es = "Linear";
			ed = "In";
		};
		["Right Arm"] = {
			cf = cfr(.433,-.862,.202,-.267,.033,-.963,.168,-.983,-.08,-.949,-.183,.257);
			es = "Linear";
			ed = "In";
		};
		["Scythe"] = {
			cf = cfr(0,-.15,0,.998,.055,-.027,-.057,.996,-.065,.024,.066,.998);
			es = "Linear";
			ed = "In";
		};
		["Left Arm"] = {
			cf = cfr(-.17,-.548,.251,-.404,.543,-.737,-.574,-.777,-.258,-.712,.319,.625);
			es = "Linear";
			ed = "In";
		};
		["Right Leg"] = {
			cf = cfr(.274,.271,.033,.881,-.055,-.469,.161,.969,.19,.444,-.243,.862);
			es = "Linear";
			ed = "In";
		};
		};
	{
		tm = .633;
		["Torso"] = {
			cf = cfr(.499,.771,-.218,.418,.899,-.132,-.908,.416,-.044,.015,.138,.99);
			es = "Linear";
			ed = "In";
		};
		["Head"] = {
			cf = cfr(-.001,-.001,0,.804,-.592,.048,.58,.765,-.278,.128,.252,.959);
			es = "Linear";
			ed = "In";
		};
		["Left Leg"] = {
			cf = cfr(-.327,.226,.14,.817,.06,.574,-.054,.998,-.028,-.574,-.009,.819);
			es = "Linear";
			ed = "In";
		};
		["Right Arm"] = {
			cf = cfr(.433,-.862,.201,-.266,.032,-.963,.166,-.983,-.079,-.949,-.181,.256);
			es = "Linear";
			ed = "In";
		};
		["Scythe"] = {
			cf = cfr(0,-.15,0,.998,.055,-.029,-.057,.996,-.065,.026,.066,.997);
			es = "Linear";
			ed = "In";
		};
		["Left Arm"] = {
			cf = cfr(-.17,-.548,.251,-.404,.537,-.741,-.571,-.781,-.255,-.715,.32,.621);
			es = "Linear";
			ed = "In";
		};
		["Right Leg"] = {
			cf = cfr(.277,.272,.034,.881,-.055,-.469,.161,.969,.19,.444,-.243,.862);
			es = "Linear";
			ed = "In";
		};
		};
	{
		tm = .65;
		["Torso"] = {
			cf = cfr(.496,.765,-.218,.418,.899,-.134,-.908,.416,-.046,.014,.141,.99);
			es = "Linear";
			ed = "In";
		};
		["Head"] = {
			cf = cfr(-.001,-.001,0,.803,-.594,.048,.581,.764,-.28,.129,.253,.959);
			es = "Linear";
			ed = "In";
		};
		["Left Leg"] = {
			cf = cfr(-.327,.227,.14,.817,.062,.574,-.055,.998,-.029,-.574,-.008,.819);
			es = "Linear";
			ed = "In";
		};
		["Right Arm"] = {
			cf = cfr(.433,-.862,.201,-.266,.031,-.964,.165,-.983,-.077,-.95,-.179,.256);
			es = "Linear";
			ed = "In";
		};
		["Scythe"] = {
			cf = cfr(0,-.15,0,.998,.055,-.032,-.057,.996,-.065,.028,.066,.997);
			es = "Linear";
			ed = "In";
		};
		["Left Arm"] = {
			cf = cfr(-.17,-.548,.251,-.403,.531,-.745,-.567,-.784,-.252,-.718,.321,.617);
			es = "Linear";
			ed = "In";
		};
		["Right Leg"] = {
			cf = cfr(.279,.272,.036,.881,-.055,-.469,.161,.969,.19,.444,-.243,.862);
			es = "Linear";
			ed = "In";
		};
		};
	{
		tm = .667;
		["Torso"] = {
			cf = cfr(.493,.759,-.218,.418,.898,-.136,-.908,.415,-.049,.013,.144,.989);
			es = "Linear";
			ed = "In";
		};
		["Head"] = {
			cf = cfr(-.001,-.001,0,.802,-.595,.049,.583,.763,-.281,.13,.254,.959);
			es = "Linear";
			ed = "In";
		};
		["Left Leg"] = {
			cf = cfr(-.327,.229,.14,.817,.063,.573,-.056,.998,-.031,-.574,-.007,.819);
			es = "Linear";
			ed = "In";
		};
		["Right Arm"] = {
			cf = cfr(.433,-.862,.201,-.265,.03,-.964,.163,-.984,-.076,-.95,-.177,.256);
			es = "Linear";
			ed = "In";
		};
		["Scythe"] = {
			cf = cfr(0,-.15,0,.998,.055,-.034,-.057,.996,-.065,.03,.066,.997);
			es = "Linear";
			ed = "In";
		};
		["Left Arm"] = {
			cf = cfr(-.17,-.548,.251,-.403,.525,-.749,-.563,-.788,-.25,-.722,.321,.613);
			es = "Linear";
			ed = "In";
		};
		["Right Leg"] = {
			cf = cfr(.282,.273,.038,.881,-.055,-.469,.161,.969,.19,.444,-.243,.862);
			es = "Linear";
			ed = "In";
		};
		};
	{
		tm = .683;
		["Torso"] = {
			cf = cfr(.491,.752,-.218,.418,.898,-.138,-.908,.415,-.051,.012,.147,.989);
			es = "Linear";
			ed = "In";
		};
		["Head"] = {
			cf = cfr(-.001,-.001,0,.801,-.596,.049,.584,.761,-.282,.131,.254,.958);
			es = "Linear";
			ed = "In";
		};
		["Left Leg"] = {
			cf = cfr(-.327,.23,.14,.817,.065,.573,-.056,.998,-.032,-.574,-.006,.819);
			es = "Linear";
			ed = "In";
		};
		["Right Arm"] = {
			cf = cfr(.433,-.862,.201,-.265,.03,-.964,.162,-.984,-.075,-.951,-.175,.256);
			es = "Linear";
			ed = "In";
		};
		["Scythe"] = {
			cf = cfr(0,-.15,0,.998,.055,-.036,-.057,.996,-.065,.032,.066,.997);
			es = "Linear";
			ed = "In";
		};
		["Left Arm"] = {
			cf = cfr(-.17,-.548,.251,-.403,.519,-.754,-.559,-.792,-.247,-.725,.322,.609);
			es = "Linear";
			ed = "In";
		};
		["Right Leg"] = {
			cf = cfr(.285,.274,.039,.881,-.055,-.469,.161,.969,.19,.444,-.243,.862);
			es = "Linear";
			ed = "In";
		};
		};
	{
		tm = .7;
		["Torso"] = {
			cf = cfr(.489,.746,-.218,.418,.898,-.14,-.909,.414,-.053,.011,.15,.989);
			es = "Linear";
			ed = "In";
		};
		["Head"] = {
			cf = cfr(-.001,-.001,0,.8,-.598,.049,.585,.76,-.283,.132,.255,.958);
			es = "Linear";
			ed = "In";
		};
		["Left Leg"] = {
			cf = cfr(-.327,.231,.14,.817,.066,.573,-.057,.998,-.034,-.574,-.005,.819);
			es = "Linear";
			ed = "In";
		};
		["Right Arm"] = {
			cf = cfr(.433,-.862,.201,-.264,.029,-.964,.16,-.984,-.073,-.951,-.174,.256);
			es = "Linear";
			ed = "In";
		};
		["Scythe"] = {
